run_id,asof,ticker,pattern,pattern_state,final_score,trend,geometry,compression,sr_quality,volume,readiness,risk,market,liquidity,comp_trend,comp_geometry,comp_compression,comp_sr,comp_volume,comp_readiness,comp_risk,comp_market,comp_liquidity,veto_triggered,veto_reasons,price,trigger,invalid_below,measured_move_target,features_json,note,ret_1h,ret_eod,ret_1d,ret_3d,ret_5d,max_dd_5d,max_fav_5d,touched_invalid_5d,post_hoc_tag
20260429T042402Z-4f6251,2026-04-29T04:24:02.652419+00:00,RBRK,double_bottom,candidate,66.95,40.5,94.7,63.4,73.9,27.1,53.5,69.5,84.0,95.1,6.08,23.68,5.07,10.35,3.52,4.28,4.17,5.04,4.75,False,,54.58,56.4999,50.5896,61.6398,"{""trend"":{""T1_ema_stack"":{""value"":[true,false,false],""score"":33.33333333333333},""T2_ema50_slope"":{""value"":-0.2276563628850834,""score"":12.0572728524861},""T3_high_proximity"":{""value"":0.8637442633328059,""score"":31.872131666402904},""T4_rs_1m"":{""value"":0.07114712124564249,""score"":100},""T5_rs_3m"":{""value"":-0.14664660828834064,""score"":0},""T6_adr_healthy"":{""value"":6.320690259223191,""score"":100.0},""_score"":40.53},""geometry"":{""sub_low_similarity"":85.8,""sub_bounce_quality"":100,""sub_separation_fit"":93.3,""sub_right_bottom_reaction"":100,""sub_base_context"":100.0,""_score"":94.73},""compression"":{""VC1_atr_ratio"":{""value"":0.4128921091635656,""score"":100},""VC2_range_contraction"":{""value"":0.7734978519669184,""score"":37.7503580055136},""VC3_range_pct_rank"":{""score"":40.833333333333336},""_score"":63.42},""sr_quality"":{""SR1_touches"":{""value"":5,""score"":100},""SR2_tightness"":{""value"":0.6366444860359662,""score"":63.27873235318111},""SR3_recency"":{""value"":226,""score"":0.0},""SR4_price_location"":{""score"":77.7287335610359},""SR5_reaction"":{""value"":2.2600805039530982,""score"":100},""_score"":73.92,""_levels_found"":6,""_target_level"":55.905},""volume"":{""V1_rvol_day"":{""value"":0.7909933219730817,""score"":19.399554798205447},""V2_rvol_sameslot"":{""value"":0.8247588134004723,""score"":21.650587560031486,""status"":""ok""},""V3_breakout_bar"":{""value"":0.9284979267600404,""score"":28.56652845066936},""V4_base_dryup"":{""value"":0.9138121169234001,""score"":58.61878830765998},""V5_bo_expansion"":{""value"":0.7909933219730817,""score"":0},""_score"":27.08},""readiness"":{""_distance_atr"":0.554,""BR1_atr_distance"":{""score"":63.087110990259085},""BR2_compression"":{""score"":43.08258576691236},""BR3_retest"":{""score"":50.0},""BR4_bo_age"":{""score"":50.0},""_score"":53.51},""risk"":{""R1_stop_clarity"":{""score"":55.56379546887154},""R2_stop_distance_pct"":{""value"":7.311102968120192,""score"":100.0},""R3_stop_distance_atr"":{""value"":1.1508192533814547,""score"":82.54096266907274},""R4_rr_potential"":{""value"":1.769196070569365,""score"":38.45980352846825},""_score"":69.52},""market"":{""M1_spy_regime"":{""score"":100.0},""M3_earnings_risk"":{""value"":null,""score"":80.0},""M4_vix"":{""value"":null,""score"":60.0},""_score"":84.0},""liquidity"":{""L1_price"":{""value"":54.58,""score"":100.0},""L2_dollar_vol"":{""value"":148621985.13112444,""score"":100.0},""L3_spread_proxy"":{""value"":0.04928362037376331,""score"":50.71637962623669},""L4_volume_zscore"":{""value"":-0.5470996234492316,""score"":100.0},""_score"":95.07},""pattern_structure"":{""left_low"":51.725,""left_idx"":37,""right_low"":51.36,""right_idx"":68,""separation_bars"":31,""structural_low"":51.36,""current_price"":55.0301,""neckline_distance_pct"":0.026709019245830908,""base_bars"":31},""pattern_geometry_features"":{""low_similarity_pct"":0.007081534655866556,""bounce_pct"":0.1000759345794392,""right_bottom_reaction"":1.0,""atr_pct"":0.06352955033240852},""_schema_version"":""1.0""}",,,,,,,,,,
20260429T042402Z-4f6251,2026-04-29T04:24:02.652419+00:00,NIC,breakout_retest_hold,breakout_confirmed,66.47,54.0,73.6,52.3,63.6,43.9,87.7,50.6,84.0,81.6,7.57,16.2,3.14,8.9,5.7,15.78,2.53,4.2,2.45,False,,148.58,146.852,145.5894,146.436,"{""trend"":{""T1_ema_stack"":{""value"":[false,true,true],""score"":66.66666666666666},""T2_ema50_slope"":{""value"":0.14635150514225131,""score"":74.39191752370856},""T3_high_proximity"":{""value"":0.9207411538699882,""score"":60.37057693499409},""T4_rs_1m"":{""value"":-0.09214851314532457,""score"":0},""T5_rs_3m"":{""value"":0.012613086707997434,""score"":56.30654335399872},""T6_adr_healthy"":{""value"":2.465941031758525,""score"":100.0},""_score"":54.05},""geometry"":{""sub_retest_depth"":30.5,""sub_retest_timing"":100.0,""sub_retest_freshness"":75.0,""sub_hold_quality"":98.3,""_score"":73.64},""compression"":{""VC1_atr_ratio"":{""value"":0.5977421945953801,""score"":100},""VC2_range_contraction"":{""value"":1.1009900785571476,""score"":0},""VC3_range_pct_rank"":{""score"":49.16666666666667},""_score"":52.29},""sr_quality"":{""SR1_touches"":{""value"":3,""score"":50.0},""SR2_tightness"":{""value"":0.578638248150096,""score"":73.9778725862804},""SR3_recency"":{""value"":244,""score"":0.0},""SR4_price_location"":{""score"":90.75052854122653},""SR5_reaction"":{""value"":1.9753653518443857,""score"":98.76826759221929},""_score"":63.6,""_levels_found"":6,""_target_level"":149.1633},""volume"":{""V1_rvol_day"":{""value"":0.6338835403968118,""score"":8.925569359787456},""V2_rvol_sameslot"":{""value"":1.5585592962099515,""score"":70.5706197473301,""status"":""ok""},""V3_breakout_bar"":{""value"":1.5489398109837622,""score"":69.92932073225082},""V4_base_dryup"":{""value"":0.9766688916459505,""score"":52.33311083540495},""V5_bo_expansion"":{""value"":0.6338835403968117,""score"":0},""_score"":43.85},""readiness"":{""_distance_atr"":-0.389,""BR1_atr_distance"":{""score"":100.0},""BR2_compression"":{""score"":74.63214753147562},""BR3_retest"":{""score"":100},""BR4_bo_age"":{""score"":60},""_score"":87.66},""risk"":{""R1_stop_clarity"":{""score"":33.865172762155126},""R2_stop_distance_pct"":{""value"":2.0127877237851663,""score"":100.0},""R3_stop_distance_atr"":{""value"":0.6724561890979879,""score"":58.6228094548994},""R4_rr_potential"":{""value"":-0.7169129940480188,""score"":0.0},""_score"":50.65},""market"":{""M1_spy_regime"":{""score"":100.0},""M3_earnings_risk"":{""value"":null,""score"":80.0},""M4_vix"":{""value"":null,""score"":60.0},""_score"":84.0},""liquidity"":{""L1_price"":{""value"":148.58,""score"":100.0},""L2_dollar_vol"":{""value"":16299205.534739383,""score"":60.60832181440805},""L3_spread_proxy"":{""value"":0.026045901198007815,""score"":73.95409880199219},""L4_volume_zscore"":{""value"":-0.6989864998221745,""score"":100.0},""_score"":81.64},""pattern_structure"":{""level"":146.852,""level_idx"":64,""breakout_idx"":72,""bo_peak_idx"":74,""bo_peak_price"":150.9299,""retest_idx"":79,""retest_low"":147.06,""structural_low"":147.06,""current_price"":147.06,""neckline_distance_pct"":-0.0014143886848905101,""base_bars"":15,""bars_since_breakout"":7},""pattern_geometry_features"":{""retest_depth_atr"":-0.18642885037676019,""bars_breakout_to_retest"":7.0,""bars_since_retest"":0.0,""current_above_level_atr"":0.18642885037676019,""bo_peak_excess_pct"":0.02776877400375888,""atr_pct"":0.02993187893006172},""_schema_version"":""1.0""}",,,,,,,,,,
20260429T042402Z-4f6251,2026-04-29T04:24:02.652419+00:00,INTU,breakout_retest_hold,retest_hold,65.73,13.3,96.0,72.8,55.1,45.8,81.8,56.7,84.0,98.1,1.87,21.12,4.37,7.72,5.95,14.73,2.84,4.2,2.94,False,,400.38,398.99,392.634,403.77,"{""trend"":{""T1_ema_stack"":{""value"":[true,false,false],""score"":33.33333333333333},""T2_ema50_slope"":{""value"":-0.5532689790120651,""score"":0},""T3_high_proximity"":{""value"":0.7432337107852236,""score"":0},""T4_rs_1m"":{""value"":-0.16094508311952382,""score"":0},""T5_rs_3m"":{""value"":-0.2891895198233104,""score"":0},""T6_adr_healthy"":{""value"":4.105081878550483,""score"":100.0},""_score"":13.33},""geometry"":{""sub_retest_depth"":100.0,""sub_retest_timing"":80.0,""sub_retest_freshness"":100.0,""sub_hold_quality"":100.0,""_score"":96.0},""compression"":{""VC1_atr_ratio"":{""value"":0.4333249410350468,""score"":100},""VC2_range_contraction"":{""value"":0.7916923455733832,""score"":34.71794240443614},""VC3_range_pct_rank"":{""score"":82.5},""_score"":72.78},""sr_quality"":{""SR1_touches"":{""value"":3,""score"":50.0},""SR2_tightness"":{""value"":4.151197658775388,""score"":56.34319580560715},""SR3_recency"":{""value"":226,""score"":0.0},""SR4_price_location"":{""score"":66.71491707735761},""SR5_reaction"":{""value"":2.128661274616224,""score"":100},""_score"":55.13,""_levels_found"":9,""_target_level"":413.2034},""volume"":{""V1_rvol_day"":{""value"":0.6521842563934007,""score"":10.145617092893382},""V2_rvol_sameslot"":{""value"":0.9772058554590616,""score"":31.813723697270774,""status"":""ok""},""V3_breakout_bar"":{""value"":1.8673659833366858,""score"":91.15773222244572},""V4_base_dryup"":{""value"":0.770354196507246,""score"":72.9645803492754},""V5_bo_expansion"":{""value"":0.6521842563934007,""score"":0},""_score"":45.77},""readiness"":{""_distance_atr"":-0.073,""BR1_atr_distance"":{""score"":100.0},""BR2_compression"":{""score"":44.35152983029202},""BR3_retest"":{""score"":93.71628559989006},""BR4_bo_age"":{""score"":80},""_score"":81.83},""risk"":{""R1_stop_clarity"":{""score"":58.29085973081804},""R2_stop_distance_pct"":{""value"":1.9346620710325144,""score"":98.36655177581287},""R3_stop_distance_atr"":{""value"":0.40731089324896874,""score"":45.36554466244844},""R4_rr_potential"":{""value"":0.4376452362509676,""score"":0.0},""_score"":56.72},""market"":{""M1_spy_regime"":{""score"":100.0},""M3_earnings_risk"":{""value"":null,""score"":80.0},""M4_vix"":{""value"":null,""score"":60.0},""_score"":84.0},""liquidity"":{""L1_price"":{""value"":400.38,""score"":100.0},""L2_dollar_vol"":{""value"":890879456.387952,""score"":100.0},""L3_spread_proxy"":{""value"":0.019006943403766314,""score"":80.99305659623369},""L4_volume_zscore"":{""value"":-0.7511435308076502,""score"":100.0},""_score"":98.1},""pattern_structure"":{""level"":398.99,""level_idx"":68,""breakout_idx"":74,""bo_peak_idx"":74,""bo_peak_price"":404.21,""retest_idx"":75,""retest_low"":396.6,""structural_low"":396.6,""current_price"":401.755,""neckline_distance_pct"":-0.006882303891675241,""base_bars"":11,""bars_since_breakout"":5},""pattern_geometry_features"":{""retest_depth_atr"":0.5178556504458854,""bars_breakout_to_retest"":1.0,""bars_since_retest"":4.0,""current_above_level_atr"":0.5991091520848846,""bo_peak_excess_pct"":0.013083034662522796,""atr_pct"":0.047498412222674154},""_schema_version"":""1.0""}",,,,,,,,,,
20260429T042402Z-4f6251,2026-04-29T04:24:02.652419+00:00,FROG,breakout_retest_hold,setup,62.49,19.7,98.7,64.7,43.9,34.5,74.9,60.0,84.0,94.0,2.76,21.71,3.88,6.14,4.49,13.49,3.0,4.2,2.82,False,,45.5,44.96,44.3223,45.34,"{""trend"":{""T1_ema_stack"":{""value"":[true,false,false],""score"":33.33333333333333},""T2_ema50_slope"":{""value"":-0.10775233330457387,""score"":32.04127778257102},""T3_high_proximity"":{""value"":0.7573866000832292,""score"":0},""T4_rs_1m"":{""value"":-0.0724204868329481,""score"":0},""T5_rs_3m"":{""value"":-0.25432216795376483,""score"":0},""T6_adr_healthy"":{""value"":5.997717671148668,""score"":100.0},""_score"":19.74},""geometry"":{""sub_retest_depth"":95.6,""sub_retest_timing"":100.0,""sub_retest_freshness"":100.0,""sub_hold_quality"":100.0,""_score"":98.68},""compression"":{""VC1_atr_ratio"":{""value"":0.3388719803335107,""score"":100},""VC2_range_contraction"":{""value"":0.7379994749094925,""score"":43.66675418175126},""VC3_range_pct_rank"":{""score"":37.5},""_score"":64.66},""sr_quality"":{""SR1_touches"":{""value"":2,""score"":25.0},""SR2_tightness"":{""value"":0.07750000000000057,""score"":93.96047870860002},""SR3_recency"":{""value"":235,""score"":0.0},""SR4_price_location"":{""score"":29.0331491712707},""SR5_reaction"":{""value"":5.590453659894241,""score"":100},""_score"":43.85,""_levels_found"":6,""_target_level"":51.9225},""volume"":{""V1_rvol_day"":{""value"":1.1216077864895468,""score"":41.440519099303124},""V2_rvol_sameslot"":{""value"":0.8567166498309202,""score"":23.781109988728012,""status"":""ok""},""V3_breakout_bar"":{""value"":0.8605569033476844,""score"":24.037126889845627},""V4_base_dryup"":{""value"":0.7862270605771956,""score"":71.37729394228043},""V5_bo_expansion"":{""value"":1.121607786489547,""score"":8.107185765969804},""_score"":34.55},""readiness"":{""_distance_atr"":-0.21,""BR1_atr_distance"":{""score"":100.0},""BR2_compression"":{""score"":44.71921872500986},""BR3_retest"":{""score"":96.29835791817428},""BR4_bo_age"":{""score"":30.0},""_score"":74.94},""risk"":{""R1_stop_clarity"":{""score"":65.11104926245496},""R2_stop_distance_pct"":{""value"":2.5883516483516362,""score"":100.0},""R3_stop_distance_atr"":{""value"":0.458886724185915,""score"":47.94433620929575},""R4_rr_potential"":{""value"":-0.1358580283603672,""score"":0.0},""_score"":59.98},""market"":{""M1_spy_regime"":{""score"":100.0},""M3_earnings_risk"":{""value"":null,""score"":80.0},""M4_vix"":{""value"":null,""score"":60.0},""_score"":84.0},""liquidity"":{""L1_price"":{""value"":45.5,""score"":100.0},""L2_dollar_vol"":{""value"":127136492.06949599,""score"":100.0},""L3_spread_proxy"":{""value"":0.05999999999999993,""score"":40.00000000000007},""L4_volume_zscore"":{""value"":0.26196470575338004,""score"":100.0},""_score"":94.0},""pattern_structure"":{""level"":44.96,""level_idx"":62,""breakout_idx"":68,""bo_peak_idx"":74,""bo_peak_price"":47.5,""retest_idx"":76,""retest_low"":44.77,""structural_low"":44.77,""current_price"":45.47,""neckline_distance_pct"":-0.011216186496591115,""base_bars"":17,""bars_since_breakout"":11},""pattern_geometry_features"":{""retest_depth_atr"":0.2692307692307657,""bars_breakout_to_retest"":8.0,""bars_since_retest"":3.0,""current_above_level_atr"":0.7226720647773244,""bo_peak_excess_pct"":0.05649466192170816,""atr_pct"":0.05640502354788068},""_schema_version"":""1.0""}",,,,,,,,,,
20260429T042402Z-4f6251,2026-04-29T04:24:02.652419+00:00,OMCL,high_tight_pullback,candidate,62.09,49.0,80.6,24.8,44.0,59.5,40.3,78.4,84.0,84.1,5.88,28.22,2.48,3.52,8.33,3.63,0.78,5.04,4.2,False,,45.51,46.89,42.4239,58.28,"{""trend"":{""T1_ema_stack"":{""value"":[true,false,false],""score"":33.33333333333333},""T2_ema50_slope"":{""value"":-0.11620703703360347,""score"":30.63216049439942},""T3_high_proximity"":{""value"":0.9270727235689549,""score"":63.536361784477414},""T4_rs_1m"":{""value"":0.26723821683992877,""score"":100},""T5_rs_3m"":{""value"":-0.11236418716994911,""score"":0},""T6_adr_healthy"":{""value"":4.347872223904132,""score"":100.0},""_score"":48.99},""geometry"":{""sub_pole_impulse"":100.0,""sub_flag_tightness"":63.2,""sub_flag_shallowness"":49.2,""sub_flag_drift"":100,""sub_flag_duration"":100.0,""_score"":80.64},""compression"":{""VC1_atr_ratio"":{""value"":0.7646193271401763,""score"":58.84516821495591},""VC2_range_contraction"":{""value"":1.1964213538383712,""score"":0},""VC3_range_pct_rank"":{""score"":5.000000000000004},""_score"":24.79},""sr_quality"":{""SR1_touches"":{""value"":3,""score"":50.0},""SR2_tightness"":{""value"":0.49725915443223956,""score"":53.549972729993264},""SR3_recency"":{""value"":300,""score"":0.0},""SR4_price_location"":{""score"":30.0},""SR5_reaction"":{""value"":1.7997400029580495,""score"":89.98700014790248},""_score"":44.03,""_levels_found"":7,""_target_level"":44.84},""volume"":{""V1_rvol_day"":{""value"":4.326808633265205,""score"":100},""V2_rvol_sameslot"":{""value"":2.938687015130634,""score"":100,""status"":""ok""},""V3_breakout_bar"":{""value"":0.7695316665166109,""score"":17.968777767774057},""V4_base_dryup"":{""value"":1.9031475304455836,""score"":0},""V5_bo_expansion"":{""value"":4.326808633265205,""score"":100},""_score"":59.49},""readiness"":{""_distance_atr"":0.645,""BR1_atr_distance"":{""score"":57.03042899511914},""BR2_compression"":{""score"":0},""BR3_retest"":{""score"":50.0},""BR4_bo_age"":{""score"":50.0},""_score"":40.31},""risk"":{""R1_stop_clarity"":{""score"":39.65110576586232},""R2_stop_distance_pct"":{""value"":6.781037134695672,""score"":100.0},""R3_stop_distance_atr"":{""value"":1.44137222390883,""score"":97.0686111954415},""R4_rr_potential"":{""value"":4.137975729492394,""score"":100.0},""_score"":78.44},""market"":{""M1_spy_regime"":{""score"":100.0},""M3_earnings_risk"":{""value"":null,""score"":80.0},""M4_vix"":{""value"":null,""score"":60.0},""_score"":84.0},""liquidity"":{""L1_price"":{""value"":45.51,""score"":100.0},""L2_dollar_vol"":{""value"":99860166.48407598,""score"":99.96961428816529},""L3_spread_proxy"":{""value"":0.08393759613271809,""score"":16.062403867281915},""L4_volume_zscore"":{""value"":3.846098850230474,""score"":70.0},""_score"":84.09},""pattern_structure"":{""pole_low"":35.5,""pole_low_idx"":42,""peak_price"":46.89,""peak_idx"":54,""pole_gain"":0.32084507042253524,""flag_bars"":5,""flag_low"":43.07,""flag_high"":46.3886,""structural_low"":43.07,""current_price"":45.35,""neckline_distance_pct"":0.03395810363836823,""base_bars"":5},""pattern_geometry_features"":{""pole_gain"":0.32084507042253524,""pullback_pct"":0.08146726380891449,""flag_range_pct"":0.07077415227127312,""flag_drift_per_bar"":0.004046306504961252,""atr_pct"":0.04704570424082619,""pole_atr_multiple"":6.819859020074066},""_schema_version"":""1.0""}",,,,,,,,,,
20260429T042402Z-4f6251,2026-04-29T04:24:02.652419+00:00,PRCH,inverse_head_shoulders,breakout_confirmed,61.56,64.0,71.5,46.2,50.1,70.1,42.0,33.8,84.0,75.1,7.67,20.02,3.7,7.01,9.81,3.36,2.02,4.2,3.76,False,,8.59,8.25,7.289,9.1,"{""trend"":{""T1_ema_stack"":{""value"":[true,false,false],""score"":33.33333333333333},""T2_ema50_slope"":{""value"":-0.13033312827791815,""score"":28.277811953680306},""T3_high_proximity"":{""value"":0.9728199320498301,""score"":86.40996602491502},""T4_rs_1m"":{""value"":0.14832995540083949,""score"":100},""T5_rs_3m"":{""value"":0.05993531699832899,""score"":79.9676584991645},""T6_adr_healthy"":{""value"":6.377293734878931,""score"":100.0},""_score"":63.95},""geometry"":{""sub_head_depth"":73.7,""sub_shoulder_price_sym"":55.2,""sub_shoulder_time_sym"":60.0,""sub_right_shoulder_reaction"":81.0,""sub_base_context"":100.0,""_score"":71.5},""compression"":{""VC1_atr_ratio"":{""value"":0.5463664555893976,""score"":100},""VC2_range_contraction"":{""value"":1.0772682856950087,""score"":0},""VC3_range_pct_rank"":{""score"":25.0},""_score"":46.25},""sr_quality"":{""SR1_touches"":{""value"":3,""score"":50.0},""SR2_tightness"":{""value"":0.021213203435596392,""score"":91.12815987756984},""SR3_recency"":{""value"":298,""score"":0.0},""SR4_price_location"":{""score"":28.440925700365092},""SR5_reaction"":{""value"":1.9063978093104303,""score"":95.31989046552152},""_score"":50.08,""_levels_found"":6,""_target_level"":8.825},""volume"":{""V1_rvol_day"":{""value"":2.186851154813112,""score"":100},""V2_rvol_sameslot"":{""value"":2.3680827516080964,""score"":100,""status"":""ok""},""V3_breakout_bar"":{""value"":1.5936548175197798,""score"":72.91032116798532},""V4_base_dryup"":{""value"":1.5531175054836361,""score"":0},""V5_bo_expansion"":{""value"":2.186851154813112,""score"":79.12341032087413},""_score"":70.1},""readiness"":{""_distance_atr"":-0.711,""BR1_atr_distance"":{""score"":45.780433159073944},""BR2_compression"":{""score"":24.922881837437924},""BR3_retest"":{""score"":50.0},""BR4_bo_age"":{""score"":50.0},""_score"":42.04},""risk"":{""R1_stop_clarity"":{""score"":53.577296489917956},""R2_stop_distance_pct"":{""value"":15.145518044237477,""score"":0.0},""R3_stop_distance_atr"":{""value"":2.7205377147124703,""score"":100.0},""R4_rr_potential"":{""value"":0.39200614911606463,""score"":0.0},""_score"":33.75},""market"":{""M1_spy_regime"":{""score"":100.0},""M3_earnings_risk"":{""value"":null,""score"":80.0},""M4_vix"":{""value"":null,""score"":60.0},""_score"":84.0},""liquidity"":{""L1_price"":{""value"":8.59,""score"":99.295},""L2_dollar_vol"":{""value"":30796195.409476858,""score"":74.42485333357736},""L3_spread_proxy"":{""value"":0.06984866123399297,""score"":30.15133876600703},""L4_volume_zscore"":{""value"":2.6851568032250466,""score"":70.0},""_score"":75.11},""pattern_structure"":{""left_shoulder"":7.9601,""left_shoulder_idx"":70,""head"":7.4,""head_idx"":80,""right_shoulder"":7.68,""right_shoulder_idx"":88,""left_to_head_bars"":10,""head_to_right_bars"":8,""structural_low"":7.4,""current_price"":8.5,""neckline_distance_pct"":-0.029411764705882353,""base_bars"":18},""pattern_geometry_features"":{""head_depth_pct"":0.053714490316558054,""shoulder_price_asymmetry"":0.035818185305720555,""shoulder_time_asymmetry"":0.2,""right_shoulder_reaction"":0.8103448275862078,""atr_pct"":0.055671046066855155},""_schema_version"":""1.0""}",,,,,,,,,,
20260429T042402Z-4f6251,2026-04-29T04:24:02.652419+00:00,PRCH,double_bottom,retest_hold,60.77,64.0,54.0,46.2,50.1,85.1,63.7,33.3,84.0,75.1,9.59,13.51,3.7,7.01,11.06,5.1,2.0,5.04,3.76,False,,8.59,8.5,7.5057,9.38,"{""trend"":{""T1_ema_stack"":{""value"":[true,false,false],""score"":33.33333333333333},""T2_ema50_slope"":{""value"":-0.13033312827791815,""score"":28.277811953680306},""T3_high_proximity"":{""value"":0.9728199320498301,""score"":86.40996602491502},""T4_rs_1m"":{""value"":0.14832995540083949,""score"":100},""T5_rs_3m"":{""value"":0.05993531699832899,""score"":79.9676584991645},""T6_adr_healthy"":{""value"":6.377293734878931,""score"":100.0},""_score"":63.95},""geometry"":{""sub_low_similarity"":29.1,""sub_bounce_quality"":100,""sub_separation_fit"":20.0,""sub_right_bottom_reaction"":15.4,""sub_base_context"":100.0,""_score"":54.04},""compression"":{""VC1_atr_ratio"":{""value"":0.5463664555893976,""score"":100},""VC2_range_contraction"":{""value"":1.0772682856950087,""score"":0},""VC3_range_pct_rank"":{""score"":25.0},""_score"":46.25},""sr_quality"":{""SR1_touches"":{""value"":3,""score"":50.0},""SR2_tightness"":{""value"":0.021213203435596392,""score"":91.12815987756984},""SR3_recency"":{""value"":298,""score"":0.0},""SR4_price_location"":{""score"":28.440925700365092},""SR5_reaction"":{""value"":1.9063978093104303,""score"":95.31989046552152},""_score"":50.08,""_levels_found"":6,""_target_level"":8.825},""volume"":{""V1_rvol_day"":{""value"":2.186851154813112,""score"":100},""V2_rvol_sameslot"":{""value"":2.3680827516080964,""score"":100,""status"":""ok""},""V3_breakout_bar"":{""value"":1.5936548175197798,""score"":72.91032116798532},""V4_base_dryup"":{""value"":0.7492883941806143,""score"":75.07116058193857},""V5_bo_expansion"":{""value"":2.186851154813112,""score"":79.12341032087413},""_score"":85.11},""readiness"":{""_distance_atr"":-0.188,""BR1_atr_distance"":{""score"":100.0},""BR2_compression"":{""score"":24.922881837437924},""BR3_retest"":{""score"":50.0},""BR4_bo_age"":{""score"":50.0},""_score"":63.73},""risk"":{""R1_stop_clarity"":{""score"":52.1971620612397},""R2_stop_distance_pct"":{""value"":12.622817229336436,""score"":0.0},""R3_stop_distance_atr"":{""value"":2.2673935772964895,""score"":100.0},""R4_rr_potential"":{""value"":0.7285806511113154,""score"":0.0},""_score"":33.27},""market"":{""M1_spy_regime"":{""score"":100.0},""M3_earnings_risk"":{""value"":null,""score"":80.0},""M4_vix"":{""value"":null,""score"":60.0},""_score"":84.0},""liquidity"":{""L1_price"":{""value"":8.59,""score"":99.295},""L2_dollar_vol"":{""value"":30796195.409476858,""score"":74.42485333357736},""L3_spread_proxy"":{""value"":0.06984866123399297,""score"":30.15133876600703},""L4_volume_zscore"":{""value"":2.6851568032250466,""score"":70.0},""_score"":75.11},""pattern_structure"":{""left_low"":7.62,""left_idx"":31,""right_low"":7.895,""right_idx"":73,""separation_bars"":42,""structural_low"":7.62,""current_price"":8.5,""neckline_distance_pct"":0.0,""base_bars"":42},""pattern_geometry_features"":{""low_similarity_pct"":0.03544956493715752,""bounce_pct"":0.11548556430446193,""right_bottom_reaction"":0.15384615384615646,""atr_pct"":0.055671046066855155},""_schema_version"":""1.0""}",,,,,,,,,,
20260429T042402Z-4f6251,2026-04-29T04:24:02.652419+00:00,RBRK,inverse_head_shoulders,candidate,60.61,40.5,68.2,63.4,73.9,31.3,58.7,53.2,84.0,95.1,4.86,19.09,5.07,10.35,4.38,4.7,3.19,4.2,4.75,False,,54.58,55.82,49.1332,61.7586,"{""trend"":{""T1_ema_stack"":{""value"":[true,false,false],""score"":33.33333333333333},""T2_ema50_slope"":{""value"":-0.2276563628850834,""score"":12.0572728524861},""T3_high_proximity"":{""value"":0.8637442633328059,""score"":31.872131666402904},""T4_rs_1m"":{""value"":0.07114712124564249,""score"":100},""T5_rs_3m"":{""value"":-0.14664660828834064,""score"":0},""T6_adr_healthy"":{""value"":6.320690259223191,""score"":100.0},""_score"":40.53},""geometry"":{""sub_head_depth"":72.2,""sub_shoulder_price_sym"":39.7,""sub_shoulder_time_sym"":45.5,""sub_right_shoulder_reaction"":100,""sub_base_context"":100.0,""_score"":68.18},""compression"":{""VC1_atr_ratio"":{""value"":0.4128921091635656,""score"":100},""VC2_range_contraction"":{""value"":0.7734978519669184,""score"":37.7503580055136},""VC3_range_pct_rank"":{""score"":40.833333333333336},""_score"":63.42},""sr_quality"":{""SR1_touches"":{""value"":5,""score"":100},""SR2_tightness"":{""value"":0.6366444860359662,""score"":63.27873235318111},""SR3_recency"":{""value"":226,""score"":0.0},""SR4_price_location"":{""score"":77.7287335610359},""SR5_reaction"":{""value"":2.2600805039530982,""score"":100},""_score"":73.92,""_levels_found"":6,""_target_level"":55.905},""volume"":{""V1_rvol_day"":{""value"":0.7909933219730817,""score"":19.399554798205447},""V2_rvol_sameslot"":{""value"":0.8247588134004723,""score"":21.650587560031486,""status"":""ok""},""V3_breakout_bar"":{""value"":0.9284979267600404,""score"":28.56652845066936},""V4_base_dryup"":{""value"":0.7017100413867431,""score"":79.8289958613257},""V5_bo_expansion"":{""value"":0.7909933219730817,""score"":0},""_score"":31.32},""readiness"":{""_distance_atr"":0.358,""BR1_atr_distance"":{""score"":76.15918413871616},""BR2_compression"":{""score"":43.08258576691236},""BR3_retest"":{""score"":50.0},""BR4_bo_age"":{""score"":50.0},""_score"":58.73},""risk"":{""R1_stop_clarity"":{""score"":56.84306673093794},""R2_stop_distance_pct"":{""value"":9.979518138512276,""score"":50.5120465371931},""R3_stop_distance_atr"":{""value"":1.5708466510932304,""score"":100.0},""R4_rr_potential"":{""value"":1.3179430717477227,""score"":15.897153587386137},""_score"":53.23},""market"":{""M1_spy_regime"":{""score"":100.0},""M3_earnings_risk"":{""value"":null,""score"":80.0},""M4_vix"":{""value"":null,""score"":60.0},""_score"":84.0},""liquidity"":{""L1_price"":{""value"":54.58,""score"":100.0},""L2_dollar_vol"":{""value"":148621985.13112444,""score"":100.0},""L3_spread_proxy"":{""value"":0.04928362037376331,""score"":50.71637962623669},""L4_volume_zscore"":{""value"":-0.5470996234492316,""score"":100.0},""_score"":95.07},""pattern_structure"":{""left_shoulder"":53.9,""left_shoulder_idx"":69,""head"":49.8814,""head_idx"":80,""right_shoulder"":51.36,""right_shoulder_idx"":88,""left_to_head_bars"":11,""head_to_right_bars"":8,""structural_low"":49.8814,""current_price"":55.0301,""neckline_distance_pct"":0.014353962649531855,""base_bars"":19},""pattern_geometry_features"":{""head_depth_pct"":0.0522249667490024,""shoulder_price_asymmetry"":0.04826144784343529,""shoulder_time_asymmetry"":0.2727272727272727,""right_shoulder_reaction"":1.0,""atr_pct"":0.06352955033240852},""_schema_version"":""1.0""}",,,,,,,,,,
20260429T042402Z-4f6251,2026-04-29T04:24:02.652419+00:00,RBRK,cup_with_handle,candidate,60.54,40.5,68.9,63.4,73.9,27.1,53.5,70.0,84.0,95.1,5.67,20.66,5.07,8.87,3.52,4.28,3.5,4.2,4.75,False,,54.58,56.4999,49.1332,70.8899,"{""trend"":{""T1_ema_stack"":{""value"":[true,false,false],""score"":33.33333333333333},""T2_ema50_slope"":{""value"":-0.2276563628850834,""score"":12.0572728524861},""T3_high_proximity"":{""value"":0.8637442633328059,""score"":31.872131666402904},""T4_rs_1m"":{""value"":0.07114712124564249,""score"":100},""T5_rs_3m"":{""value"":-0.14664660828834064,""score"":0},""T6_adr_healthy"":{""value"":6.320690259223191,""score"":100.0},""_score"":40.53},""geometry"":{""sub_cup_depth"":100.0,""sub_cup_duration"":100.0,""sub_rim_symmetry"":95.1,""sub_handle_shallowness"":2.4,""sub_handle_proportion"":100.0,""sub_u_shape"":29.2,""_score"":68.88},""compression"":{""VC1_atr_ratio"":{""value"":0.4128921091635656,""score"":100},""VC2_range_contraction"":{""value"":0.7734978519669184,""score"":37.7503580055136},""VC3_range_pct_rank"":{""score"":40.833333333333336},""_score"":63.42},""sr_quality"":{""SR1_touches"":{""value"":5,""score"":100},""SR2_tightness"":{""value"":0.6366444860359662,""score"":63.27873235318111},""SR3_recency"":{""value"":226,""score"":0.0},""SR4_price_location"":{""score"":77.7287335610359},""SR5_reaction"":{""value"":2.2600805039530982,""score"":100},""_score"":73.92,""_levels_found"":6,""_target_level"":55.905},""volume"":{""V1_rvol_day"":{""value"":0.7909933219730817,""score"":19.399554798205447},""V2_rvol_sameslot"":{""value"":0.8247588134004723,""score"":21.650587560031486,""status"":""ok""},""V3_breakout_bar"":{""value"":0.9284979267600404,""score"":28.56652845066936},""V4_base_dryup"":{""value"":0.9140445626446129,""score"":58.59554373553871},""V5_bo_expansion"":{""value"":0.7909933219730817,""score"":0},""_score"":27.07},""readiness"":{""_distance_atr"":0.554,""BR1_atr_distance"":{""score"":63.087110990259085},""BR2_compression"":{""score"":43.08258576691236},""BR3_retest"":{""score"":50.0},""BR4_bo_age"":{""score"":50.0},""_score"":53.51},""risk"":{""R1_stop_clarity"":{""score"":56.84306673093794},""R2_stop_distance_pct"":{""value"":9.979518138512276,""score"":50.5120465371931},""R3_stop_distance_atr"":{""value"":1.5708466510932304,""score"":100.0},""R4_rr_potential"":{""value"":2.994388837084971,""score"":99.71944185424854},""_score"":69.99},""market"":{""M1_spy_regime"":{""score"":100.0},""M3_earnings_risk"":{""value"":null,""score"":80.0},""M4_vix"":{""value"":null,""score"":60.0},""_score"":84.0},""liquidity"":{""L1_price"":{""value"":54.58,""score"":100.0},""L2_dollar_vol"":{""value"":148621985.13112444,""score"":100.0},""L3_spread_proxy"":{""value"":0.04928362037376331,""score"":50.71637962623669},""L4_volume_zscore"":{""value"":-0.5470996234492316,""score"":100.0},""_score"":95.07},""pattern_structure"":{""left_rim"":56.64,""left_rim_idx"":126,""cup_bottom"":42.25,""cup_bottom_idx"":167,""right_rim"":56.4999,""right_rim_idx"":174,""handle_low"":49.8814,""handle_bars"":5,""cup_bars"":48,""structural_low"":49.8814,""current_price"":54.58,""neckline_distance_pct"":0.03517588860388418,""base_bars"":53},""pattern_geometry_features"":{""cup_depth_pct"":0.2540607344632768,""rim_symmetry_pct"":0.002473516949152611,""handle_depth_pct"":0.11714180025097386,""handle_to_cup_ratio"":0.10416666666666667,""cup_duration_bars"":48.0,""atr_pct"":0.06352955033240852,""u_shape_score"":0.14583333333333334},""_schema_version"":""1.0""}",,,,,,,,,,
20260429T042402Z-4f6251,2026-04-29T04:24:02.652419+00:00,UEC,cup_with_handle,forming,59.76,50.1,60.9,50.8,78.8,33.0,68.1,47.2,84.0,92.9,7.01,18.28,4.07,9.46,4.29,5.45,2.36,4.2,4.64,False,,14.46,14.61,12.7755,17.565,"{""trend"":{""T1_ema_stack"":{""value"":[true,true,true],""score"":100.0},""T2_ema50_slope"":{""value"":0.021092766701179023,""score"":53.51546111686317},""T3_high_proximity"":{""value"":0.7179741807348561,""score"":0},""T4_rs_1m"":{""value"":-0.003185057331129615,""score"":46.81494266887039},""T5_rs_3m"":{""value"":-0.2701679301643445,""score"":0},""T6_adr_healthy"":{""value"":6.355737067767716,""score"":100.0},""_score"":50.07},""geometry"":{""sub_cup_depth"":100.0,""sub_cup_duration"":84.0,""sub_rim_symmetry"":67.3,""sub_handle_shallowness"":6.5,""sub_handle_proportion"":100.0,""sub_u_shape"":23.8,""_score"":60.93},""compression"":{""VC1_atr_ratio"":{""value"":0.5903529858395002,""score"":100},""VC2_range_contraction"":{""value"":1.0454839891372365,""score"":0},""VC3_range_pct_rank"":{""score"":43.333333333333336},""_score"":50.83},""sr_quality"":{""SR1_touches"":{""value"":6,""score"":100},""SR2_tightness"":{""value"":0.16491620768000792,""score"":66.35442121302044},""SR3_recency"":{""value"":235,""score"":0.0},""SR4_price_location"":{""score"":95.55119994530176},""SR5_reaction"":{""value"":2.2619786657340213,""score"":100},""_score"":78.84,""_levels_found"":7,""_target_level"":14.5251},""volume"":{""V1_rvol_day"":{""value"":1.1082235706382673,""score"":40.54823804255115},""V2_rvol_sameslot"":{""value"":1.0056920573333756,""score"":33.71280382222504,""status"":""ok""},""V3_breakout_bar"":{""value"":0.6127753356646164,""score"":7.518355710974427},""V4_base_dryup"":{""value"":0.7396733524539721,""score"":76.03266475460279},""V5_bo_expansion"":{""value"":1.1082235706382675,""score"":7.214904709217833},""_score"":33.02},""readiness"":{""_distance_atr"":0.153,""BR1_atr_distance"":{""score"":89.79918976421565},""BR2_compression"":{""score"":58.597477005352395},""BR3_retest"":{""score"":50.0},""BR4_bo_age"":{""score"":50.0},""_score"":68.07},""risk"":{""R1_stop_clarity"":{""score"":60.30864737256283},""R2_stop_distance_pct"":{""value"":11.649723374827108,""score"":8.756915629322304},""R3_stop_distance_atr"":{""value"":1.7183774882690679,""score"":100.0},""R4_rr_potential"":{""value"":1.843222225520167,""score"":42.16111127600834},""_score"":47.17},""market"":{""M1_spy_regime"":{""score"":100.0},""M3_earnings_risk"":{""value"":null,""score"":80.0},""M4_vix"":{""value"":null,""score"":60.0},""_score"":84.0},""liquidity"":{""L1_price"":{""value"":14.46,""score"":100.0},""L2_dollar_vol"":{""value"":130796605.24902318,""score"":100.0},""L3_spread_proxy"":{""value"":0.07123098201936372,""score"":28.769017980636278},""L4_volume_zscore"":{""value"":0.4090502719044146,""score"":100.0},""_score"":92.88},""pattern_structure"":{""left_rim"":14.375,""left_rim_idx"":81,""cup_bottom"":11.42,""cup_bottom_idx"":91,""right_rim"":14.61,""right_rim_idx"":165,""handle_low"":12.97,""handle_bars"":14,""cup_bars"":84,""structural_low"":12.97,""current_price"":14.46,""neckline_distance_pct"":0.01037344398340239,""base_bars"":98},""pattern_geometry_features"":{""cup_depth_pct"":0.20556521739130434,""rim_symmetry_pct"":0.016347826086956483,""handle_depth_pct"":0.11225188227241607,""handle_to_cup_ratio"":0.16666666666666666,""cup_duration_bars"":84.0,""atr_pct"":0.06779490219324244,""u_shape_score"":0.11904761904761904},""_schema_version"":""1.0""}",,,,,,,,,,
20260429T042402Z-4f6251,2026-04-29T04:24:02.652419+00:00,MGNI,inverse_head_shoulders,forming,59.51,34.7,77.0,64.2,57.4,25.9,54.6,71.2,84.0,83.2,4.17,21.55,5.13,8.03,3.63,4.37,4.27,4.2,4.16,False,,12.97,13.6,12.081,14.935,"{""trend"":{""T1_ema_stack"":{""value"":[true,false,false],""score"":33.33333333333333},""T2_ema50_slope"":{""value"":-0.04692519482098899,""score"":42.179134196501835},""T3_high_proximity"":{""value"":0.8635153129161119,""score"":31.757656458055948},""T4_rs_1m"":{""value"":-0.009075382740715288,""score"":40.924617259284716},""T5_rs_3m"":{""value"":-0.16149891023078966,""score"":0},""T6_adr_healthy"":{""value"":4.611461697254766,""score"":100.0},""_score"":34.72},""geometry"":{""sub_head_depth"":79.6,""sub_shoulder_price_sym"":86.1,""sub_shoulder_time_sym"":85.7,""sub_right_shoulder_reaction"":36.7,""sub_base_context"":100.0,""_score"":76.95},""compression"":{""VC1_atr_ratio"":{""value"":0.5786753372656025,""score"":100},""VC2_range_contraction"":{""value"":1.0290341895584896,""score"":0},""VC3_range_pct_rank"":{""score"":96.66666666666667},""_score"":64.17},""sr_quality"":{""SR1_touches"":{""value"":2,""score"":25.0},""SR2_tightness"":{""value"":0.015000000000000568,""score"":95.31511433351906},""SR3_recency"":{""value"":248,""score"":0.0},""SR4_price_location"":{""score"":82.38341968911936},""SR5_reaction"":{""value"":2.572783045175684,""score"":100},""_score"":57.39,""_levels_found"":7,""_target_level"":13.055},""volume"":{""V1_rvol_day"":{""value"":0.7666302487368158,""score"":17.77534991578772},""V2_rvol_sameslot"":{""value"":0.7369564713404461,""score"":15.797098089363072,""status"":""ok""},""V3_breakout_bar"":{""value"":0.8736387790661133,""score"":24.909251937740887},""V4_base_dryup"":{""value"":0.8511988500967038,""score"":64.88011499032962},""V5_bo_expansion"":{""value"":0.7666302487368158,""score"":0},""_score"":25.92},""readiness"":{""_distance_atr"":0.984,""BR1_atr_distance"":{""score"":34.41160066926946},""BR2_compression"":{""score"":93.51313636801531},""BR3_retest"":{""score"":50.0},""BR4_bo_age"":{""score"":50.0},""_score"":54.64},""risk"":{""R1_stop_clarity"":{""score"":42.539877300613405},""R2_stop_distance_pct"":{""value"":6.854086353122593,""score"":100.0},""R3_stop_distance_atr"":{""value"":1.3882487451199117,""score"":94.41243725599558},""R4_rr_potential"":{""value"":2.21041086644731,""score"":60.5205433223655},""_score"":71.15},""market"":{""M1_spy_regime"":{""score"":100.0},""M3_earnings_risk"":{""value"":null,""score"":80.0},""M4_vix"":{""value"":null,""score"":60.0},""_score"":84.0},""liquidity"":{""L1_price"":{""value"":12.97,""score"":100.0},""L2_dollar_vol"":{""value"":19305082.88206071,""score"":64.28358352552048},""L3_spread_proxy"":{""value"":0.024672320740169642,""score"":75.32767925983036},""L4_volume_zscore"":{""value"":-0.8094733277436981,""score"":100.0},""_score"":83.25},""pattern_structure"":{""left_shoulder"":13.115,""left_shoulder_idx"":67,""head"":12.265,""head_idx"":80,""right_shoulder"":12.97,""right_shoulder_idx"":94,""left_to_head_bars"":13,""head_to_right_bars"":14,""structural_low"":12.265,""current_price"":12.98,""neckline_distance_pct"":0.04776579352850533,""base_bars"":27},""pattern_geometry_features"":{""head_depth_pct"":0.05961280429365534,""shoulder_price_asymmetry"":0.011117500479202574,""shoulder_time_asymmetry"":0.07142857142857142,""right_shoulder_reaction"":0.3666666666666661,""atr_pct"":0.04937217755259388},""_schema_version"":""1.0""}",,,,,,,,,,
20260429T042402Z-4f6251,2026-04-29T04:24:02.652419+00:00,VYX,inverse_head_shoulders,forming,59.22,27.3,71.4,64.8,57.3,47.4,55.8,58.5,84.0,78.8,3.27,19.99,5.18,8.02,6.64,4.47,3.51,4.2,3.94,False,,7.07,7.34,6.4419,8.14,"{""trend"":{""T1_ema_stack"":{""value"":[true,false,false],""score"":33.33333333333333},""T2_ema50_slope"":{""value"":-0.5188281592105092,""score"":0},""T3_high_proximity"":{""value"":0.6979269496544915,""score"":0},""T4_rs_1m"":{""value"":0.01978467813554241,""score"":69.7846781355424},""T5_rs_3m"":{""value"":-0.32329293016434446,""score"":0},""T6_adr_healthy"":{""value"":4.431383038934509,""score"":100.0},""_score"":27.29},""geometry"":{""sub_head_depth"":81.2,""sub_shoulder_price_sym"":96.0,""sub_shoulder_time_sym"":62.5,""sub_right_shoulder_reaction"":62.5,""sub_base_context"":30.0,""_score"":71.41},""compression"":{""VC1_atr_ratio"":{""value"":0.38275780477960075,""score"":100},""VC2_range_contraction"":{""value"":0.9568266674723733,""score"":7.195555421271113},""VC3_range_pct_rank"":{""score"":89.16666666666666},""_score"":64.81},""sr_quality"":{""SR1_touches"":{""value"":3,""score"":50.0},""SR2_tightness"":{""value"":0.0694422221866655,""score"":55.60365738362785},""SR3_recency"":{""value"":226,""score"":0.0},""SR4_price_location"":{""score"":75.74421168687988},""SR5_reaction"":{""value"":3.201860139434347,""score"":100},""_score"":57.28,""_levels_found"":6,""_target_level"":7.2533},""volume"":{""V1_rvol_day"":{""value"":0.8098218841382236,""score"":20.654792275881576},""V2_rvol_sameslot"":{""value"":1.0081772070966732,""score"":33.87848047311155,""status"":""ok""},""V3_breakout_bar"":{""value"":2.0680254501271182,""score"":100},""V4_base_dryup"":{""value"":0.9247099291629274,""score"":57.52900708370726},""V5_bo_expansion"":{""value"":0.8098218841382238,""score"":0},""_score"":47.41},""readiness"":{""_distance_atr"":0.863,""BR1_atr_distance"":{""score"":42.46049867567822},""BR2_compression"":{""score"":85.41327800585493},""BR3_retest"":{""score"":50.0},""BR4_bo_age"":{""score"":50.0},""_score"":55.84},""risk"":{""R1_stop_clarity"":{""score"":37.28194355648883},""R2_stop_distance_pct"":{""value"":8.884016973125894,""score"":77.89957567185266},""R3_stop_distance_atr"":{""value"":2.0078089323225896,""score"":100.0},""R4_rr_potential"":{""value"":1.7035503900652746,""score"":35.17751950326373},""_score"":58.45},""market"":{""M1_spy_regime"":{""score"":100.0},""M3_earnings_risk"":{""value"":null,""score"":80.0},""M4_vix"":{""value"":null,""score"":60.0},""_score"":84.0},""liquidity"":{""L1_price"":{""value"":7.07,""score"":98.535},""L2_dollar_vol"":{""value"":11945116.56950115,""score"":53.859519614064986},""L3_spread_proxy"":{""value"":0.024045261669024036,""score"":75.95473833097597},""L4_volume_zscore"":{""value"":-0.7361749663095235,""score"":100.0},""_score"":78.77},""pattern_structure"":{""left_shoulder"":6.9771,""left_shoulder_idx"":64,""head"":6.54,""head_idx"":80,""right_shoulder"":6.955,""right_shoulder_idx"":93,""left_to_head_bars"":16,""head_to_right_bars"":13,""structural_low"":6.54,""current_price"":7.085,""neckline_distance_pct"":0.03599153140437543,""base_bars"":29},""pattern_geometry_features"":{""head_depth_pct"":0.061160916157650326,""shoulder_price_asymmetry"":0.003172529625828125,""shoulder_time_asymmetry"":0.1875,""right_shoulder_reaction"":0.6249999999999972,""atr_pct"":0.0442473226914528},""_schema_version"":""1.0""}",,,,,,,,,,
20260429T042402Z-4f6251,2026-04-29T04:24:02.652419+00:00,UEC,double_bottom,forming,58.46,50.1,60.5,50.8,78.8,29.7,32.1,76.6,84.0,92.9,7.51,15.14,4.07,11.04,3.86,2.57,4.6,5.04,4.64,False,,14.46,15.98,14.0461,17.7,"{""trend"":{""T1_ema_stack"":{""value"":[true,true,true],""score"":100.0},""T2_ema50_slope"":{""value"":0.021092766701179023,""score"":53.51546111686317},""T3_high_proximity"":{""value"":0.7179741807348561,""score"":0},""T4_rs_1m"":{""value"":-0.003185057331129615,""score"":46.81494266887039},""T5_rs_3m"":{""value"":-0.2701679301643445,""score"":0},""T6_adr_healthy"":{""value"":6.355737067767716,""score"":100.0},""_score"":50.07},""geometry"":{""sub_low_similarity"":44.7,""sub_bounce_quality"":100,""sub_separation_fit"":13.3,""sub_right_bottom_reaction"":34.3,""sub_base_context"":100.0,""_score"":60.55},""compression"":{""VC1_atr_ratio"":{""value"":0.5903529858395002,""score"":100},""VC2_range_contraction"":{""value"":1.0454839891372365,""score"":0},""VC3_range_pct_rank"":{""score"":43.333333333333336},""_score"":50.83},""sr_quality"":{""SR1_touches"":{""value"":6,""score"":100},""SR2_tightness"":{""value"":0.16491620768000792,""score"":66.35442121302044},""SR3_recency"":{""value"":235,""score"":0.0},""SR4_price_location"":{""score"":95.55119994530176},""SR5_reaction"":{""value"":2.2619786657340213,""score"":100},""_score"":78.84,""_levels_found"":7,""_target_level"":14.5251},""volume"":{""V1_rvol_day"":{""value"":1.1082235706382673,""score"":40.54823804255115},""V2_rvol_sameslot"":{""value"":1.0056920573333756,""score"":33.71280382222504,""status"":""ok""},""V3_breakout_bar"":{""value"":0.6127753356646164,""score"":7.518355710974427},""V4_base_dryup"":{""value"":0.90705377630849,""score"":59.29462236915099},""V5_bo_expansion"":{""value"":1.1082235706382675,""score"":7.214904709217833},""_score"":29.67},""readiness"":{""_distance_atr"":1.551,""BR1_atr_distance"":{""score"":0},""BR2_compression"":{""score"":58.597477005352395},""BR3_retest"":{""score"":50.0},""BR4_bo_age"":{""score"":50.0},""_score"":32.15},""risk"":{""R1_stop_clarity"":{""score"":56.36093381131403},""R2_stop_distance_pct"":{""value"":2.862378976486872,""score"":100.0},""R3_stop_distance_atr"":{""value"":0.4222115356591198,""score"":46.110576782955995},""R4_rr_potential"":{""value"":7.827977772408767,""score"":100.0},""_score"":76.64},""market"":{""M1_spy_regime"":{""score"":100.0},""M3_earnings_risk"":{""value"":null,""score"":80.0},""M4_vix"":{""value"":null,""score"":60.0},""_score"":84.0},""liquidity"":{""L1_price"":{""value"":14.46,""score"":100.0},""L2_dollar_vol"":{""value"":130796605.24902318,""score"":100.0},""L3_spread_proxy"":{""value"":0.07123098201936372,""score"":28.769017980636278},""L4_volume_zscore"":{""value"":0.4090502719044146,""score"":100.0},""_score"":92.88},""pattern_structure"":{""left_low"":14.66,""left_idx"":32,""right_low"":14.26,""right_idx"":75,""separation_bars"":43,""structural_low"":14.26,""current_price"":14.485,""neckline_distance_pct"":0.10321021746634457,""base_bars"":43},""pattern_geometry_features"":{""low_similarity_pct"":0.02766251728907333,""bounce_pct"":0.12061711079943904,""right_bottom_reaction"":0.3432835820895529,""atr_pct"":0.06779490219324244},""_schema_version"":""1.0""}",,,,,,,,,,
20260429T042402Z-4f6251,2026-04-29T04:24:02.652419+00:00,CNR,breakout_retest_hold,setup,58.35,15.9,65.5,84.6,57.6,23.8,87.3,57.2,84.0,89.9,2.23,14.41,5.07,8.07,3.1,15.71,2.86,4.2,2.7,False,,89.37,88.25,87.3279,88.33,"{""trend"":{""T1_ema_stack"":{""value"":[false,false,true],""score"":33.33333333333333},""T2_ema50_slope"":{""value"":-0.22200443069613712,""score"":12.999261550643809},""T3_high_proximity"":{""value"":0.7892784597721452,""score"":0},""T4_rs_1m"":{""value"":-0.333101643998613,""score"":0},""T5_rs_3m"":{""value"":-0.10109707834306703,""score"":0},""T6_adr_healthy"":{""value"":4.490163147910939,""score"":100.0},""_score"":15.93},""geometry"":{""sub_retest_depth"":63.1,""sub_retest_timing"":80.0,""sub_retest_freshness"":100.0,""sub_hold_quality"":35.3,""_score"":65.52},""compression"":{""VC1_atr_ratio"":{""value"":0.3707477656101803,""score"":100},""VC2_range_contraction"":{""value"":0.6574696579978457,""score"":57.08839033369239},""VC3_range_pct_rank"":{""score"":98.33333333333333},""_score"":84.56},""sr_quality"":{""SR1_touches"":{""value"":3,""score"":50.0},""SR2_tightness"":{""value"":0.2926379029145385,""score"":85.42536235929015},""SR3_recency"":{""value"":205,""score"":0.0},""SR4_price_location"":{""score"":59.36330227213269},""SR5_reaction"":{""value"":2.30509427250089,""score"":100},""_score"":57.65,""_levels_found"":6,""_target_level"":91.7511},""volume"":{""V1_rvol_day"":{""value"":0.48457640574031774,""score"":0},""V2_rvol_sameslot"":{""value"":0.4095452797522741,""score"":0,""status"":""ok""},""V3_breakout_bar"":{""value"":1.1312861972228934,""score"":42.08574648152623},""V4_base_dryup"":{""value"":0.8344067346029477,""score"":66.55932653970524},""V5_bo_expansion"":{""value"":0.48457640574031774,""score"":0},""_score"":23.83},""readiness"":{""_distance_atr"":-0.279,""BR1_atr_distance"":{""score"":100.0},""BR2_compression"":{""score"":61.48652328738302},""BR3_retest"":{""score"":99.50195659907499},""BR4_bo_age"":{""score"":80},""_score"":87.27},""risk"":{""R1_stop_clarity"":{""score"":56.06759160441152},""R2_stop_distance_pct"":{""value"":2.2849949647532783,""score"":100.0},""R3_stop_distance_atr"":{""value"":0.5085272145144091,""score"":50.42636072572046},""R4_rr_potential"":{""value"":-0.5092796630919101,""score"":0.0},""_score"":57.19},""market"":{""M1_spy_regime"":{""score"":100.0},""M3_earnings_risk"":{""value"":null,""score"":80.0},""M4_vix"":{""value"":null,""score"":60.0},""_score"":84.0},""liquidity"":{""L1_price"":{""value"":89.37,""score"":100.0},""L2_dollar_vol"":{""value"":39040864.24159665,""score"":79.57597115055499},""L3_spread_proxy"":{""value"":0.019469620678079995,""score"":80.53037932192001},""L4_volume_zscore"":{""value"":-1.2995579056288902,""score"":100.0},""_score"":89.88},""pattern_structure"":{""level"":88.25,""level_idx"":68,""breakout_idx"":74,""bo_peak_idx"":74,""bo_peak_price"":89.95,""retest_idx"":75,""retest_low"":88.21,""structural_low"":88.21,""current_price"":89.71,""neckline_distance_pct"":-0.016274662802363102,""base_bars"":11,""bars_since_breakout"":5},""pattern_geometry_features"":{""retest_depth_atr"":0.04157695448809018,""bars_breakout_to_retest"":1.0,""bars_since_retest"":4.0,""current_above_level_atr"":1.5175588388150478,""bo_peak_excess_pct"":0.01926345609065159,""atr_pct"":0.044933582697933135},""_schema_version"":""1.0""}",,,,,,,,,,
20260429T042402Z-4f6251,2026-04-29T04:24:02.652419+00:00,PRCH,vcp,retest_hold,58.19,64.0,44.4,46.2,50.1,84.6,63.7,33.8,84.0,75.1,9.59,11.09,5.55,6.01,11.0,4.46,1.69,5.04,3.76,False,,8.59,8.5,7.289,9.5932,"{""trend"":{""T1_ema_stack"":{""value"":[true,false,false],""score"":33.33333333333333},""T2_ema50_slope"":{""value"":-0.13033312827791815,""score"":28.277811953680306},""T3_high_proximity"":{""value"":0.9728199320498301,""score"":86.40996602491502},""T4_rs_1m"":{""value"":0.14832995540083949,""score"":100},""T5_rs_3m"":{""value"":0.05993531699832899,""score"":79.9676584991645},""T6_adr_healthy"":{""value"":6.377293734878931,""score"":100.0},""_score"":63.95},""geometry"":{""sub_contraction_count"":100.0,""sub_reduction_rate"":6.0,""sub_pivot_tightness"":0,""sub_volume_dryup"":0,""sub_base_depth"":78.7,""sub_base_duration"":100.0,""_score"":44.37},""compression"":{""VC1_atr_ratio"":{""value"":0.5463664555893976,""score"":100},""VC2_range_contraction"":{""value"":1.0772682856950087,""score"":0},""VC3_range_pct_rank"":{""score"":25.0},""_score"":46.25},""sr_quality"":{""SR1_touches"":{""value"":3,""score"":50.0},""SR2_tightness"":{""value"":0.021213203435596392,""score"":91.12815987756984},""SR3_recency"":{""value"":298,""score"":0.0},""SR4_price_location"":{""score"":28.440925700365092},""SR5_reaction"":{""value"":1.9063978093104303,""score"":95.31989046552152},""_score"":50.08,""_levels_found"":6,""_target_level"":8.825},""volume"":{""V1_rvol_day"":{""value"":2.186851154813112,""score"":100},""V2_rvol_sameslot"":{""value"":2.3680827516080964,""score"":100,""status"":""ok""},""V3_breakout_bar"":{""value"":1.5936548175197798,""score"":72.91032116798532},""V4_base_dryup"":{""value"":0.7727517899654517,""score"":72.72482100345484},""V5_bo_expansion"":{""value"":2.186851154813112,""score"":79.12341032087413},""_score"":84.64},""readiness"":{""_distance_atr"":-0.188,""BR1_atr_distance"":{""score"":100.0},""BR2_compression"":{""score"":24.922881837437924},""BR3_retest"":{""score"":50.0},""BR4_bo_age"":{""score"":50.0},""_score"":63.73},""risk"":{""R1_stop_clarity"":{""score"":53.577296489917956},""R2_stop_distance_pct"":{""value"":15.145518044237477,""score"":0.0},""R3_stop_distance_atr"":{""value"":2.7205377147124703,""score"":100.0},""R4_rr_potential"":{""value"":0.7710991544965413,""score"":0.0},""_score"":33.75},""market"":{""M1_spy_regime"":{""score"":100.0},""M3_earnings_risk"":{""value"":null,""score"":80.0},""M4_vix"":{""value"":null,""score"":60.0},""_score"":84.0},""liquidity"":{""L1_price"":{""value"":8.59,""score"":99.295},""L2_dollar_vol"":{""value"":30796195.409476858,""score"":74.42485333357736},""L3_spread_proxy"":{""value"":0.06984866123399297,""score"":30.15133876600703},""L4_volume_zscore"":{""value"":2.6851568032250466,""score"":70.0},""_score"":75.11},""pattern_structure"":{""n_contractions"":5,""contractions_pct"":[16.64,12.62,12.66,17.4,12.94],""descending_strict"":false,""final_low"":7.4,""final_pivot"":8.5,""structural_low"":7.4,""dry_up_ratio"":1.7839156035324488,""current_price"":8.59,""neckline_distance_pct"":-0.010477299185098935,""base_bars"":34},""pattern_geometry_features"":{""contraction_count"":5.0,""first_contraction_pct"":0.16639193707907501,""last_contraction_pct"":0.1294117647058823,""dry_up_ratio"":1.7839156035324488,""near_monotone"":0.0,""base_depth_pct"":0.12871473649507836},""_schema_version"":""1.0""}",,,,,,,,,,
20260429T042402Z-4f6251,2026-04-29T04:24:02.652419+00:00,VYX,bull_flag,forming,58.01,27.3,62.0,64.8,57.3,48.4,69.5,67.8,84.0,78.8,3.82,18.6,5.83,5.73,6.77,6.25,2.03,5.04,3.94,False,,7.07,7.18,6.9344,7.82,"{""trend"":{""T1_ema_stack"":{""value"":[true,false,false],""score"":33.33333333333333},""T2_ema50_slope"":{""value"":-0.5188281592105092,""score"":0},""T3_high_proximity"":{""value"":0.6979269496544915,""score"":0},""T4_rs_1m"":{""value"":0.01978467813554241,""score"":69.7846781355424},""T5_rs_3m"":{""value"":-0.32329293016434446,""score"":0},""T6_adr_healthy"":{""value"":4.431383038934509,""score"":100.0},""_score"":27.29},""geometry"":{""sub_pole_impulse"":30.3,""sub_flag_tightness"":68.0,""sub_flag_shallowness"":60.1,""sub_flag_drift"":92.6,""sub_flag_duration"":100.0,""_score"":62.0},""compression"":{""VC1_atr_ratio"":{""value"":0.38275780477960075,""score"":100},""VC2_range_contraction"":{""value"":0.9568266674723733,""score"":7.195555421271113},""VC3_range_pct_rank"":{""score"":89.16666666666666},""_score"":64.81},""sr_quality"":{""SR1_touches"":{""value"":3,""score"":50.0},""SR2_tightness"":{""value"":0.0694422221866655,""score"":55.60365738362785},""SR3_recency"":{""value"":226,""score"":0.0},""SR4_price_location"":{""score"":75.74421168687988},""SR5_reaction"":{""value"":3.201860139434347,""score"":100},""_score"":57.28,""_levels_found"":6,""_target_level"":7.2533},""volume"":{""V1_rvol_day"":{""value"":0.8098218841382236,""score"":20.654792275881576},""V2_rvol_sameslot"":{""value"":1.0081772070966732,""score"":33.87848047311155,""status"":""ok""},""V3_breakout_bar"":{""value"":2.0680254501271182,""score"":100},""V4_base_dryup"":{""value"":0.8777816347827287,""score"":62.22183652172713},""V5_bo_expansion"":{""value"":0.8098218841382238,""score"":0},""_score"":48.35},""readiness"":{""_distance_atr"":0.352,""BR1_atr_distance"":{""score"":76.55798094194307},""BR2_compression"":{""score"":85.41327800585493},""BR3_retest"":{""score"":50.0},""BR4_bo_age"":{""score"":50.0},""_score"":69.48},""risk"":{""R1_stop_clarity"":{""score"":32.486985112795736},""R2_stop_distance_pct"":{""value"":1.91796322489392,""score"":97.94908062234799},""R3_stop_distance_atr"":{""value"":0.433464243309892,""score"":46.673212165494604},""R4_rr_potential"":{""value"":5.53097345132742,""score"":100.0},""_score"":67.76},""market"":{""M1_spy_regime"":{""score"":100.0},""M3_earnings_risk"":{""value"":null,""score"":80.0},""M4_vix"":{""value"":null,""score"":60.0},""_score"":84.0},""liquidity"":{""L1_price"":{""value"":7.07,""score"":98.535},""L2_dollar_vol"":{""value"":11945116.56950115,""score"":53.859519614064986},""L3_spread_proxy"":{""value"":0.024045261669024036,""score"":75.95473833097597},""L4_volume_zscore"":{""value"":-0.7361749663095235,""score"":100.0},""_score"":78.77},""pattern_structure"":{""pole_low"":6.54,""pole_low_idx"":40,""peak_price"":7.18,""peak_idx"":54,""pole_gain"":0.09785932721712533,""flag_bars"":5,""flag_low"":7.04,""flag_high"":7.175,""structural_low"":7.04,""current_price"":7.085,""neckline_distance_pct"":0.013408609738884933,""base_bars"":5},""pattern_geometry_features"":{""pole_gain"":0.09785932721712533,""pullback_pct"":0.019498607242339788,""flag_range_pct"":0.018802228412256237,""flag_drift_per_bar"":-0.0014820042342979245,""atr_pct"":0.0442473226914528,""pole_atr_multiple"":2.2116440332338727},""_schema_version"":""1.0""}",,,,,,,,,,
20260429T042402Z-4f6251,2026-04-29T04:24:02.652419+00:00,UEC,vcp,forming,57.51,50.1,53.6,50.8,78.8,30.4,68.1,52.6,84.0,92.9,7.51,13.4,6.1,9.46,3.96,4.76,2.63,5.04,4.64,False,,14.46,14.61,12.7755,18.48,"{""trend"":{""T1_ema_stack"":{""value"":[true,true,true],""score"":100.0},""T2_ema50_slope"":{""value"":0.021092766701179023,""score"":53.51546111686317},""T3_high_proximity"":{""value"":0.7179741807348561,""score"":0},""T4_rs_1m"":{""value"":-0.003185057331129615,""score"":46.81494266887039},""T5_rs_3m"":{""value"":-0.2701679301643445,""score"":0},""T6_adr_healthy"":{""value"":6.355737067767716,""score"":100.0},""_score"":50.07},""geometry"":{""sub_contraction_count"":100.0,""sub_reduction_rate"":34.5,""sub_pivot_tightness"":0,""sub_volume_dryup"":0,""sub_base_depth"":100.0,""sub_base_duration"":100.0,""_score"":53.62},""compression"":{""VC1_atr_ratio"":{""value"":0.5903529858395002,""score"":100},""VC2_range_contraction"":{""value"":1.0454839891372365,""score"":0},""VC3_range_pct_rank"":{""score"":43.333333333333336},""_score"":50.83},""sr_quality"":{""SR1_touches"":{""value"":6,""score"":100},""SR2_tightness"":{""value"":0.16491620768000792,""score"":66.35442121302044},""SR3_recency"":{""value"":235,""score"":0.0},""SR4_price_location"":{""score"":95.55119994530176},""SR5_reaction"":{""value"":2.2619786657340213,""score"":100},""_score"":78.84,""_levels_found"":7,""_target_level"":14.5251},""volume"":{""V1_rvol_day"":{""value"":1.1082235706382673,""score"":40.54823804255115},""V2_rvol_sameslot"":{""value"":1.0056920573333756,""score"":33.71280382222504,""status"":""ok""},""V3_breakout_bar"":{""value"":0.6127753356646164,""score"":7.518355710974427},""V4_base_dryup"":{""value"":0.8692045279897143,""score"":63.079547201028575},""V5_bo_expansion"":{""value"":1.1082235706382675,""score"":7.214904709217833},""_score"":30.43},""readiness"":{""_distance_atr"":0.153,""BR1_atr_distance"":{""score"":89.79918976421565},""BR2_compression"":{""score"":58.597477005352395},""BR3_retest"":{""score"":50.0},""BR4_bo_age"":{""score"":50.0},""_score"":68.07},""risk"":{""R1_stop_clarity"":{""score"":60.30864737256283},""R2_stop_distance_pct"":{""value"":11.649723374827108,""score"":8.756915629322304},""R3_stop_distance_atr"":{""value"":1.7183774882690679,""score"":100.0},""R4_rr_potential"":{""value"":2.3863939924608926,""score"":69.31969962304463},""_score"":52.6},""market"":{""M1_spy_regime"":{""score"":100.0},""M3_earnings_risk"":{""value"":null,""score"":80.0},""M4_vix"":{""value"":null,""score"":60.0},""_score"":84.0},""liquidity"":{""L1_price"":{""value"":14.46,""score"":100.0},""L2_dollar_vol"":{""value"":130796605.24902318,""score"":100.0},""L3_spread_proxy"":{""value"":0.07123098201936372,""score"":28.769017980636278},""L4_volume_zscore"":{""value"":0.4090502719044146,""score"":100.0},""_score"":92.88},""pattern_structure"":{""n_contractions"":5,""contractions_pct"":[27.4,21.74,11.56,12.83,11.23],""descending_strict"":false,""final_low"":12.97,""final_pivot"":14.61,""structural_low"":12.97,""dry_up_ratio"":1.032069059686962,""current_price"":14.46,""neckline_distance_pct"":0.01037344398340239,""base_bars"":32},""pattern_geometry_features"":{""contraction_count"":5.0,""first_contraction_pct"":0.2740498812351544,""last_contraction_pct"":0.11225188227241607,""dry_up_ratio"":1.032069059686962,""near_monotone"":0.0,""base_depth_pct"":0.22980997624703084},""_schema_version"":""1.0""}",,,,,,,,,,
20260429T042402Z-4f6251,2026-04-29T04:24:02.652419+00:00,TTWO,breakout_retest_hold,setup,57.32,38.1,55.7,58.3,60.4,23.8,84.2,47.9,84.0,97.9,5.34,12.25,3.5,8.45,3.1,15.15,2.39,4.2,2.94,False,,213.01,211.0,209.1474,210.48,"{""trend"":{""T1_ema_stack"":{""value"":[true,false,false],""score"":33.33333333333333},""T2_ema50_slope"":{""value"":-0.030893620162469486,""score"":44.851063306255085},""T3_high_proximity"":{""value"":0.8759355210132411,""score"":37.96776050662054},""T4_rs_1m"":{""value"":0.0005573204477036242,""score"":50.557320447703624},""T5_rs_3m"":{""value"":-0.15570576822234394,""score"":0},""T6_adr_healthy"":{""value"":2.6579354379758975,""score"":100.0},""_score"":38.11},""geometry"":{""sub_retest_depth"":37.0,""sub_retest_timing"":100.0,""sub_retest_freshness"":100.0,""sub_hold_quality"":15.3,""_score"":55.69},""compression"":{""VC1_atr_ratio"":{""value"":0.376401562674273,""score"":100},""VC2_range_contraction"":{""value"":0.9679403273991769,""score"":5.3432787668038495},""VC3_range_pct_rank"":{""score"":65.83333333333333},""_score"":58.33},""sr_quality"":{""SR1_touches"":{""value"":2,""score"":25.0},""SR2_tightness"":{""value"":0.26500000000000057,""score"":91.3084221623521},""SR3_recency"":{""value"":250,""score"":0.0},""SR4_price_location"":{""score"":96.76361713379168},""SR5_reaction"":{""value"":3.843973292725781,""score"":100},""_score"":60.39,""_levels_found"":7,""_target_level"":213.265},""volume"":{""V1_rvol_day"":{""value"":0.6170640334991321,""score"":7.804268899942139},""V2_rvol_sameslot"":{""value"":0.5410702370406846,""score"":2.7380158027123054,""status"":""ok""},""V3_breakout_bar"":{""value"":0.9435455563703963,""score"":29.569703758026417},""V4_base_dryup"":{""value"":0.7828159538954609,""score"":71.71840461045392},""V5_bo_expansion"":{""value"":0.617064033499132,""score"":0},""_score"":23.84},""readiness"":{""_distance_atr"":-0.33,""BR1_atr_distance"":{""score"":100.0},""BR2_compression"":{""score"":78.73404312980108},""BR3_retest"":{""score"":100},""BR4_bo_age"":{""score"":30.0},""_score"":84.18},""risk"":{""R1_stop_clarity"":{""score"":30.71008551013189},""R2_stop_distance_pct"":{""value"":1.8133420966151892,""score"":95.33355241537973},""R3_stop_distance_atr"":{""value"":0.6334356331263934,""score"":56.67178165631967},""R4_rr_potential"":{""value"":-0.6549992233210695,""score"":0.0},""_score"":47.85},""market"":{""M1_spy_regime"":{""score"":100.0},""M3_earnings_risk"":{""value"":null,""score"":80.0},""M4_vix"":{""value"":null,""score"":60.0},""_score"":84.0},""liquidity"":{""L1_price"":{""value"":213.01,""score"":100.0},""L2_dollar_vol"":{""value"":197948793.24483088,""score"":100.0},""L3_spread_proxy"":{""value"":0.02126660720153984,""score"":78.73339279846016},""L4_volume_zscore"":{""value"":-1.8559227064519566,""score"":100.0},""_score"":97.87},""pattern_structure"":{""level"":211.0,""level_idx"":62,""breakout_idx"":68,""bo_peak_idx"":69,""bo_peak_price"":216.35,""retest_idx"":74,""retest_low"":211.26,""structural_low"":211.26,""current_price"":214.095,""neckline_distance_pct"":-0.0144561993507555,""base_bars"":17,""bars_since_breakout"":11},""pattern_geometry_features"":{""retest_depth_atr"":-0.14093559553032342,""bars_breakout_to_retest"":6.0,""bars_since_retest"":5.0,""current_above_level_atr"":1.6776756467937157,""bo_peak_excess_pct"":0.0253554502369668,""atr_pct"":0.02862709329541873},""_schema_version"":""1.0""}",,,,,,,,,,
20260429T042402Z-4f6251,2026-04-29T04:24:02.652419+00:00,RBRK,ascending_triangle,forming,56.83,40.5,56.1,63.4,73.9,27.5,53.5,55.7,84.0,95.1,6.08,15.72,5.07,10.35,3.3,4.28,2.23,5.04,4.75,False,,54.58,56.4999,49.1332,63.1184,"{""trend"":{""T1_ema_stack"":{""value"":[true,false,false],""score"":33.33333333333333},""T2_ema50_slope"":{""value"":-0.2276563628850834,""score"":12.0572728524861},""T3_high_proximity"":{""value"":0.8637442633328059,""score"":31.872131666402904},""T4_rs_1m"":{""value"":0.07114712124564249,""score"":100},""T5_rs_3m"":{""value"":-0.14664660828834064,""score"":0},""T6_adr_healthy"":{""value"":6.320690259223191,""score"":100.0},""_score"":40.53},""geometry"":{""sub_flat_top_quality"":66.7,""sub_hl_slope"":42.9,""sub_compression"":33.0,""sub_duration"":100.0,""_score"":56.13},""compression"":{""VC1_atr_ratio"":{""value"":0.4128921091635656,""score"":100},""VC2_range_contraction"":{""value"":0.7734978519669184,""score"":37.7503580055136},""VC3_range_pct_rank"":{""score"":40.833333333333336},""_score"":63.42},""sr_quality"":{""SR1_touches"":{""value"":5,""score"":100},""SR2_tightness"":{""value"":0.6366444860359662,""score"":63.27873235318111},""SR3_recency"":{""value"":226,""score"":0.0},""SR4_price_location"":{""score"":77.7287335610359},""SR5_reaction"":{""value"":2.2600805039530982,""score"":100},""_score"":73.92,""_levels_found"":6,""_target_level"":55.905},""volume"":{""V1_rvol_day"":{""value"":0.7909933219730817,""score"":19.399554798205447},""V2_rvol_sameslot"":{""value"":0.8247588134004723,""score"":21.650587560031486,""status"":""ok""},""V3_breakout_bar"":{""value"":0.9284979267600404,""score"":28.56652845066936},""V4_base_dryup"":{""value"":0.890900318206652,""score"":60.9099681793348},""V5_bo_expansion"":{""value"":0.7909933219730817,""score"":0},""_score"":27.53},""readiness"":{""_distance_atr"":0.554,""BR1_atr_distance"":{""score"":63.087110990259085},""BR2_compression"":{""score"":43.08258576691236},""BR3_retest"":{""score"":50.0},""BR4_bo_age"":{""score"":50.0},""_score"":53.51},""risk"":{""R1_stop_clarity"":{""score"":56.84306673093794},""R2_stop_distance_pct"":{""value"":9.979518138512276,""score"":50.5120465371931},""R3_stop_distance_atr"":{""value"":1.5708466510932304,""score"":100.0},""R4_rr_potential"":{""value"":1.5675932805575943,""score"":28.379664027879713},""_score"":55.72},""market"":{""M1_spy_regime"":{""score"":100.0},""M3_earnings_risk"":{""value"":null,""score"":80.0},""M4_vix"":{""value"":null,""score"":60.0},""_score"":84.0},""liquidity"":{""L1_price"":{""value"":54.58,""score"":100.0},""L2_dollar_vol"":{""value"":148621985.13112444,""score"":100.0},""L3_spread_proxy"":{""value"":0.04928362037376331,""score"":50.71637962623669},""L4_volume_zscore"":{""value"":-0.5470996234492316,""score"":100.0},""_score"":95.07},""pattern_structure"":{""top"":56.4999,""top_touches"":3,""low_slope_per_bar"":0.06424674220963178,""lowest_low"":49.8814,""structural_low"":49.8814,""current_price"":55.0301,""neckline_distance_pct"":0.026709019245830908,""base_bars"":50},""pattern_geometry_features"":{""top_touches"":3.0,""low_slope"":0.06424674220963178,""compression"":0.16507873283443797,""atr_pct"":0.06352955033240852},""_schema_version"":""1.0""}",,,,,,,,,,
20260429T042402Z-4f6251,2026-04-29T04:24:02.652419+00:00,OMCL,double_bottom,breakout_confirmed,56.49,49.0,75.1,24.8,44.0,74.2,19.1,30.1,84.0,84.1,7.35,18.77,1.98,6.16,9.65,1.53,1.81,5.04,4.2,False,,45.51,39.5098,36.4549,42.0096,"{""trend"":{""T1_ema_stack"":{""value"":[true,false,false],""score"":33.33333333333333},""T2_ema50_slope"":{""value"":-0.11620703703360347,""score"":30.63216049439942},""T3_high_proximity"":{""value"":0.9270727235689549,""score"":63.536361784477414},""T4_rs_1m"":{""value"":0.26723821683992877,""score"":100},""T5_rs_3m"":{""value"":-0.11236418716994911,""score"":0},""T6_adr_healthy"":{""value"":4.347872223904132,""score"":100.0},""_score"":48.99},""geometry"":{""sub_low_similarity"":89.0,""sub_bounce_quality"":53.6,""sub_separation_fit"":66.7,""sub_right_bottom_reaction"":50.9,""sub_base_context"":100.0,""_score"":75.06},""compression"":{""VC1_atr_ratio"":{""value"":0.7646193271401763,""score"":58.84516821495591},""VC2_range_contraction"":{""value"":1.1964213538383712,""score"":0},""VC3_range_pct_rank"":{""score"":5.000000000000004},""_score"":24.79},""sr_quality"":{""SR1_touches"":{""value"":3,""score"":50.0},""SR2_tightness"":{""value"":0.49725915443223956,""score"":53.549972729993264},""SR3_recency"":{""value"":300,""score"":0.0},""SR4_price_location"":{""score"":30.0},""SR5_reaction"":{""value"":1.7997400029580495,""score"":89.98700014790248},""_score"":44.03,""_levels_found"":7,""_target_level"":44.84},""volume"":{""V1_rvol_day"":{""value"":4.326808633265205,""score"":100},""V2_rvol_sameslot"":{""value"":2.938687015130634,""score"":100,""status"":""ok""},""V3_breakout_bar"":{""value"":0.7695316665166109,""score"":17.968777767774057},""V4_base_dryup"":{""value"":0.7633039042425264,""score"":73.66960957574736},""V5_bo_expansion"":{""value"":4.326808633265205,""score"":100},""_score"":74.23},""readiness"":{""_distance_atr"":-2.802,""BR1_atr_distance"":{""score"":3.950865229677028},""BR2_compression"":{""score"":0},""BR3_retest"":{""score"":50.0},""BR4_bo_age"":{""score"":50.0},""_score"":19.08},""risk"":{""R1_stop_clarity"":{""score"":48.14226664487074},""R2_stop_distance_pct"":{""value"":19.89705559217754,""score"":0.0},""R3_stop_distance_atr"":{""value"":4.2293033791831105,""score"":88.53483104084448},""R4_rr_potential"":{""value"":-0.38656455166397025,""score"":0.0},""_score"":30.13},""market"":{""M1_spy_regime"":{""score"":100.0},""M3_earnings_risk"":{""value"":null,""score"":80.0},""M4_vix"":{""value"":null,""score"":60.0},""_score"":84.0},""liquidity"":{""L1_price"":{""value"":45.51,""score"":100.0},""L2_dollar_vol"":{""value"":99860166.48407598,""score"":99.96961428816529},""L3_spread_proxy"":{""value"":0.08393759613271809,""score"":16.062403867281915},""L4_volume_zscore"":{""value"":3.846098850230474,""score"":70.0},""_score"":84.09},""pattern_structure"":{""left_low"":37.01,""left_idx"":38,""right_low"":37.215,""right_idx"":73,""separation_bars"":35,""structural_low"":37.01,""current_price"":45.35,""neckline_distance_pct"":-0.12878059536934958,""base_bars"":35},""pattern_geometry_features"":{""low_similarity_pct"":0.0055237453688111934,""bounce_pct"":0.06754390705214808,""right_bottom_reaction"":0.5092024539877305,""atr_pct"":0.04704570424082619},""_schema_version"":""1.0""}",,,,,,,,,,
20260429T042402Z-4f6251,2026-04-29T04:24:02.652419+00:00,MMYT,vcp,forming,56.02,33.3,53.5,92.4,50.2,39.0,28.0,76.6,84.0,93.1,5.0,13.36,11.08,6.02,5.07,1.96,3.83,5.04,4.66,False,,46.83,51.385,43.9901,70.23,"{""trend"":{""T1_ema_stack"":{""value"":[true,false,false],""score"":33.33333333333333},""T2_ema50_slope"":{""value"":-0.4459896707447194,""score"":0},""T3_high_proximity"":{""value"":0.7359735973597359,""score"":0},""T4_rs_1m"":{""value"":0.16770254085734115,""score"":100},""T5_rs_3m"":{""value"":-0.2772358965495605,""score"":0},""T6_adr_healthy"":{""value"":5.406237902783355,""score"":100.0},""_score"":33.33},""geometry"":{""sub_contraction_count"":100.0,""sub_reduction_rate"":0,""sub_pivot_tightness"":0,""sub_volume_dryup"":56.3,""sub_base_depth"":100.0,""sub_base_duration"":100.0,""_score"":53.45},""compression"":{""VC1_atr_ratio"":{""value"":0.4855857849685227,""score"":100},""VC2_range_contraction"":{""value"":0.5203426893178607,""score"":79.9428851136899},""VC3_range_pct_rank"":{""score"":97.5},""_score"":92.36},""sr_quality"":{""SR1_touches"":{""value"":2,""score"":25.0},""SR2_tightness"":{""value"":0.25500000000000256,""score"":75.8090746462837},""SR3_recency"":{""value"":250,""score"":0.0},""SR4_price_location"":{""score"":65.2647975077881},""SR5_reaction"":{""value"":3.2752615601452804,""score"":100},""_score"":50.19,""_levels_found"":5,""_target_level"":47.945},""volume"":{""V1_rvol_day"":{""value"":0.7391064287311849,""score"":15.940428582078994},""V2_rvol_sameslot"":{""value"":1.1220296459868213,""score"":41.468643065788086,""status"":""ok""},""V3_breakout_bar"":{""value"":1.4351007930091297,""score"":62.34005286727532},""V4_base_dryup"":{""value"":0.904407551274099,""score"":59.5592448725901},""V5_bo_expansion"":{""value"":0.7391064287311848,""score"":0},""_score"":38.98},""readiness"":{""_distance_atr"":2.161,""BR1_atr_distance"":{""score"":0},""BR2_compression"":{""score"":42.14621759100483},""BR3_retest"":{""score"":50.0},""BR4_bo_age"":{""score"":50.0},""_score"":28.04},""risk"":{""R1_stop_clarity"":{""score"":36.44901610017903},""R2_stop_distance_pct"":{""value"":6.064275037369208,""score"":100.0},""R3_stop_distance_atr"":{""value"":1.3470550767062397,""score"":92.35275383531199},""R4_rr_potential"":{""value"":8.239726750941937,""score"":100.0},""_score"":76.61},""market"":{""M1_spy_regime"":{""score"":100.0},""M3_earnings_risk"":{""value"":null,""score"":80.0},""M4_vix"":{""value"":null,""score"":60.0},""_score"":84.0},""liquidity"":{""L1_price"":{""value"":46.83,""score"":100.0},""L2_dollar_vol"":{""value"":54161558.01689094,""score"":86.68455744080252},""L3_spread_proxy"":{""value"":0.015588298099508947,""score"":84.41170190049105},""L4_volume_zscore"":{""value"":-0.6436775884537917,""score"":100.0},""_score"":93.11},""pattern_structure"":{""n_contractions"":5,""contractions_pct"":[14.97,17.15,31.5,10.82,13.09],""descending_strict"":false,""final_low"":44.66,""final_pivot"":51.385,""structural_low"":44.66,""dry_up_ratio"":0.7185530245662459,""current_price"":46.83,""neckline_distance_pct"":0.0972667093743327,""base_bars"":50},""pattern_geometry_features"":{""contraction_count"":5.0,""first_contraction_pct"":0.14967325407448237,""last_contraction_pct"":0.1308747689014304,""dry_up_ratio"":0.7185530245662459,""near_monotone"":0.0,""base_depth_pct"":0.2967482875364145},""_schema_version"":""1.0""}",,,,,,,,,,
20260429T042402Z-4f6251,2026-04-29T04:24:02.652419+00:00,AIR,double_bottom,forming,55.64,54.6,67.6,49.6,42.2,44.5,23.7,58.2,84.0,89.2,8.19,16.9,3.97,5.9,5.79,1.9,3.49,5.04,4.46,False,,108.86,119.5,107.8871,129.47,"{""trend"":{""T1_ema_stack"":{""value"":[false,true,true],""score"":66.66666666666666},""T2_ema50_slope"":{""value"":0.30743855581656493,""score"":100},""T3_high_proximity"":{""value"":0.864036828319708,""score"":32.01841415985396},""T4_rs_1m"":{""value"":-0.10736844875910312,""score"":0},""T5_rs_3m"":{""value"":0.008848911117536495,""score"":54.424455558768244},""T6_adr_healthy"":{""value"":3.920146906287282,""score"":100.0},""_score"":54.63},""geometry"":{""sub_low_similarity"":55.4,""sub_bounce_quality"":87.2,""sub_separation_fit"":100.0,""sub_right_bottom_reaction"":83.5,""sub_base_context"":30.0,""_score"":67.59},""compression"":{""VC1_atr_ratio"":{""value"":0.5372752714142637,""score"":100},""VC2_range_contraction"":{""value"":0.9251240615085503,""score"":12.479323081908282},""VC3_range_pct_rank"":{""score"":20.833333333333336},""_score"":49.58},""sr_quality"":{""SR1_touches"":{""value"":2,""score"":25.0},""SR2_tightness"":{""value"":0.6649999999999991,""score"":72.49342250073497},""SR3_recency"":{""value"":244,""score"":0.0},""SR4_price_location"":{""score"":35.17670314835351},""SR5_reaction"":{""value"":4.124952543028885,""score"":100},""_score"":42.17,""_levels_found"":5,""_target_level"":122.305},""volume"":{""V1_rvol_day"":{""value"":1.1242445965850756,""score"":41.616306439005044},""V2_rvol_sameslot"":{""value"":1.2358470846350484,""score"":49.056472309003226,""status"":""ok""},""V3_breakout_bar"":{""value"":1.033738709901594,""score"":35.58258066010627},""V4_base_dryup"":{""value"":0.6884144773065655,""score"":81.15855226934346},""V5_bo_expansion"":{""value"":1.1242445965850756,""score"":8.282973105671704},""_score"":44.5},""readiness"":{""_distance_atr"":2.201,""BR1_atr_distance"":{""score"":0},""BR2_compression"":{""score"":24.81611677777473},""BR3_retest"":{""score"":50.0},""BR4_bo_age"":{""score"":50.0},""_score"":23.7},""risk"":{""R1_stop_clarity"":{""score"":32.04220826704133},""R2_stop_distance_pct"":{""value"":0.8937626309020736,""score"":72.34406577255183},""R3_stop_distance_atr"":{""value"":0.20122198930759302,""score"":35.061099465379655},""R4_rr_potential"":{""value"":21.183000154170365,""score"":100.0},""_score"":58.18},""market"":{""M1_spy_regime"":{""score"":100.0},""M3_earnings_risk"":{""value"":null,""score"":80.0},""M4_vix"":{""value"":null,""score"":60.0},""_score"":84.0},""liquidity"":{""L1_price"":{""value"":108.86,""score"":100.0},""L2_dollar_vol"":{""value"":48275169.28500178,""score"":84.18619026903795},""L3_spread_proxy"":{""value"":0.044460775307734735,""score"":55.539224692265265},""L4_volume_zscore"":{""value"":0.578186706177411,""score"":100.0},""_score"":89.23},""pattern_structure"":{""left_low"":112.0,""left_idx"":50,""right_low"":109.53,""right_idx"":62,""separation_bars"":12,""structural_low"":109.53,""current_price"":107.91,""neckline_distance_pct"":0.10740431841349277,""base_bars"":12},""pattern_geometry_features"":{""low_similarity_pct"":0.022299462826705176,""bounce_pct"":0.0910252898749201,""right_bottom_reaction"":0.8353909465020606,""atr_pct"":0.044416747591926715},""_schema_version"":""1.0""}",,,,,,,,,,
20260429T042402Z-4f6251,2026-04-29T04:24:02.652419+00:00,APP,double_bottom,forming,55.39,38.5,57.8,67.7,56.8,22.2,63.6,67.0,84.0,95.2,5.78,14.44,5.42,7.96,2.89,5.09,4.02,5.04,4.76,False,,449.03,462.9999,424.9487,494.5798,"{""trend"":{""T1_ema_stack"":{""value"":[true,false,false],""score"":33.33333333333333},""T2_ema50_slope"":{""value"":-0.14372520810225434,""score"":26.045798649624277},""T3_high_proximity"":{""value"":0.7888236947508959,""score"":0},""T4_rs_1m"":{""value"":0.05555798647058485,""score"":100},""T5_rs_3m"":{""value"":-0.1972019742441149,""score"":0},""T6_adr_healthy"":{""value"":5.949980218199724,""score"":100.0},""_score"":38.54},""geometry"":{""sub_low_similarity"":53.8,""sub_bounce_quality"":61.7,""sub_separation_fit"":100.0,""sub_right_bottom_reaction"":55.2,""sub_base_context"":30.0,""_score"":57.76},""compression"":{""VC1_atr_ratio"":{""value"":0.45783284732833207,""score"":100},""VC2_range_contraction"":{""value"":0.803791037620844,""score"":32.70149372985933},""VC3_range_pct_rank"":{""score"":65.0},""_score"":67.7},""sr_quality"":{""SR1_touches"":{""value"":4,""score"":75.0},""SR2_tightness"":{""value"":7.3639166718533735,""score"":42.158113527293516},""SR3_recency"":{""value"":226,""score"":0.0},""SR4_price_location"":{""score"":52.01136635968362},""SR5_reaction"":{""value"":4.176382271555177,""score"":100},""_score"":56.83,""_levels_found"":7,""_target_level"":484.0725},""volume"":{""V1_rvol_day"":{""value"":0.6710644920403953,""score"":11.404299469359687},""V2_rvol_sameslot"":{""value"":0.6232512595634635,""score"":8.216750637564234,""status"":""ok""},""V3_breakout_bar"":{""value"":0.8003665359550091,""score"":20.024435730333938},""V4_base_dryup"":{""value"":0.8345829433478108,""score"":66.54170566521893},""V5_bo_expansion"":{""value"":0.6710644920403952,""score"":0},""_score"":22.24},""readiness"":{""_distance_atr"":0.549,""BR1_atr_distance"":{""score"":63.42320688646549},""BR2_compression"":{""score"":82.94239995986382},""BR3_retest"":{""score"":50.0},""BR4_bo_age"":{""score"":50.0},""_score"":63.6},""risk"":{""R1_stop_clarity"":{""score"":49.16941396668242},""R2_stop_distance_pct"":{""value"":5.362960158564003,""score"":100.0},""R3_stop_distance_atr"":{""value"":0.9457656046266828,""score"":72.28828023133414},""R4_rr_potential"":{""value"":1.8915008741222514,""score"":44.575043706112574},""_score"":66.97},""market"":{""M1_spy_regime"":{""score"":100.0},""M3_earnings_risk"":{""value"":null,""score"":80.0},""M4_vix"":{""value"":null,""score"":60.0},""_score"":84.0},""liquidity"":{""L1_price"":{""value"":449.03,""score"":100.0},""L2_dollar_vol"":{""value"":1250619800.7692323,""score"":100.0},""L3_spread_proxy"":{""value"":0.0478807652049975,""score"":52.119234795002505},""L4_volume_zscore"":{""value"":-1.3351143373840029,""score"":100.0},""_score"":95.21},""pattern_structure"":{""left_low"":431.42,""left_idx"":64,""right_low"":441.5,""right_idx"":75,""separation_bars"":11,""structural_low"":431.42,""current_price"":449.4,""neckline_distance_pct"":0.030262349799733086,""base_bars"":11},""pattern_geometry_features"":{""low_similarity_pct"":0.023094899876277282,""bounce_pct"":0.07319989801121879,""right_bottom_reaction"":0.5519268451992211,""atr_pct"":0.05670496085212252},""_schema_version"":""1.0""}",,,,,,,,,,
20260429T042402Z-4f6251,2026-04-29T04:24:02.652419+00:00,WAY,double_bottom,forming,55.3,25.1,73.9,50.3,48.1,41.7,32.2,77.9,84.0,91.8,3.77,18.46,4.03,6.74,5.42,2.57,4.67,5.04,4.59,False,,25.23,27.1721,23.6843,30.2992,"{""trend"":{""T1_ema_stack"":{""value"":[true,false,false],""score"":33.33333333333333},""T2_ema50_slope"":{""value"":-0.20184757882485616,""score"":16.35873686252397},""T3_high_proximity"":{""value"":0.9134685010861694,""score"":56.73425054308468},""T4_rs_1m"":{""value"":-0.05058741048273774,""score"":0},""T5_rs_3m"":{""value"":-0.12924615482770374,""score"":0},""T6_adr_healthy"":{""value"":5.0347576425832266,""score"":100.0},""_score"":25.12},""geometry"":{""sub_low_similarity"":15.3,""sub_bounce_quality"":100,""sub_separation_fit"":100.0,""sub_right_bottom_reaction"":95.1,""sub_base_context"":100.0,""_score"":73.86},""compression"":{""VC1_atr_ratio"":{""value"":0.4521424958751757,""score"":100},""VC2_range_contraction"":{""value"":0.9516796017601824,""score"":8.053399706636267},""VC3_range_pct_rank"":{""score"":30.000000000000004},""_score"":50.32},""sr_quality"":{""SR1_touches"":{""value"":4,""score"":75.0},""SR2_tightness"":{""value"":0.3259888801784495,""score"":48.221977791663576},""SR3_recency"":{""value"":303,""score"":0.0},""SR4_price_location"":{""score"":13.624349901952462},""SR5_reaction"":{""value"":2.0251297614658084,""score"":100},""_score"":48.14,""_levels_found"":5,""_target_level"":33.6725},""volume"":{""V1_rvol_day"":{""value"":1.0852455929740934,""score"":39.016372864939555},""V2_rvol_sameslot"":{""value"":0.9170941142419595,""score"":27.8062742827973,""status"":""ok""},""V3_breakout_bar"":{""value"":1.2844705965053793,""score"":52.29803976702529},""V4_base_dryup"":{""value"":0.7792428573574037,""score"":72.07571426425963},""V5_bo_expansion"":{""value"":1.0852455929740936,""score"":5.683039531606241},""_score"":41.71},""readiness"":{""_distance_atr"":1.542,""BR1_atr_distance"":{""score"":0},""BR2_compression"":{""score"":58.65804596459142},""BR3_retest"":{""score"":50.0},""BR4_bo_age"":{""score"":50.0},""_score"":32.16},""risk"":{""R1_stop_clarity"":{""score"":42.71265280653478},""R2_stop_distance_pct"":{""value"":6.126337693222352,""score"":100.0},""R3_stop_distance_atr"":{""value"":1.227526448648495,""score"":86.37632243242474},""R4_rr_potential"":{""value"":3.279602762547108,""score"":100.0},""_score"":77.91},""market"":{""M1_spy_regime"":{""score"":100.0},""M3_earnings_risk"":{""value"":null,""score"":80.0},""M4_vix"":{""value"":null,""score"":60.0},""_score"":84.0},""liquidity"":{""L1_price"":{""value"":25.23,""score"":100.0},""L2_dollar_vol"":{""value"":65687318.00730792,""score"":90.87407650608009},""L3_spread_proxy"":{""value"":0.04538248117320648,""score"":54.61751882679352},""L4_volume_zscore"":{""value"":0.2601139309155985,""score"":100.0},""_score"":91.81},""pattern_structure"":{""left_low"":25.085,""left_idx"":31,""right_low"":24.045,""right_idx"":60,""separation_bars"":29,""structural_low"":24.045,""current_price"":25.4,""neckline_distance_pct"":0.06976771653543315,""base_bars"":29},""pattern_geometry_features"":{""low_similarity_pct"":0.042336657846529575,""bounce_pct"":0.13005198585984606,""right_bottom_reaction"":0.9506172839506181,""atr_pct"":0.04990798935507615},""_schema_version"":""1.0""}",,,,,,,,,,
20260429T042402Z-4f6251,2026-04-29T04:24:02.652419+00:00,CTRE,bull_flag,forming,55.0,66.7,71.0,69.3,61.3,43.2,68.0,56.5,84.0,97.7,9.34,21.29,6.24,6.13,6.05,6.12,1.7,5.04,4.88,True,risk_unclear,39.71,39.73,38.5628,42.39,"{""trend"":{""T1_ema_stack"":{""value"":[true,true,true],""score"":100.0},""T2_ema50_slope"":{""value"":0.0339258039188192,""score"":55.65430065313653},""T3_high_proximity"":{""value"":0.9652406417112299,""score"":82.62032085561493},""T4_rs_1m"":{""value"":-0.05289451260458522,""score"":0},""T5_rs_3m"":{""value"":0.07548958228723257,""score"":87.74479114361628},""T6_adr_healthy"":{""value"":2.366696436984061,""score"":100.0},""_score"":66.69},""geometry"":{""sub_pole_impulse"":53.0,""sub_flag_tightness"":72.8,""sub_flag_shallowness"":59.3,""sub_flag_drift"":100,""sub_flag_duration"":100.0,""_score"":70.96},""compression"":{""VC1_atr_ratio"":{""value"":0.5372995325494055,""score"":100},""VC2_range_contraction"":{""value"":0.7515828297755544,""score"":41.402861704074276},""VC3_range_pct_rank"":{""score"":59.166666666666664},""_score"":69.28},""sr_quality"":{""SR1_touches"":{""value"":3,""score"":50.0},""SR2_tightness"":{""value"":0.1979898987322346,""score"":56.62193142016769},""SR3_recency"":{""value"":229,""score"":0.0},""SR4_price_location"":{""score"":91.19669876203594},""SR5_reaction"":{""value"":2.486697965571206,""score"":100},""_score"":61.29,""_levels_found"":5,""_target_level"":39.87},""volume"":{""V1_rvol_day"":{""value"":1.1214439166782326,""score"":41.42959444521551},""V2_rvol_sameslot"":{""value"":1.3326200507290034,""score"":55.508003381933555,""status"":""ok""},""V3_breakout_bar"":{""value"":1.557275840688282,""score"":70.48505604588547},""V4_base_dryup"":{""value"":1.2522770746233651,""score"":24.77229253766349},""V5_bo_expansion"":{""value"":1.1214439166782328,""score"":8.09626111188219},""_score"":43.18},""readiness"":{""_distance_atr"":0.022,""BR1_atr_distance"":{""score"":98.5393844548777},""BR2_compression"":{""score"":44.440308180549614},""BR3_retest"":{""score"":50.0},""BR4_bo_age"":{""score"":50.0},""_score"":68.03},""risk"":{""R1_stop_clarity"":{""score"":0},""R2_stop_distance_pct"":{""value"":2.889070763031981,""score"":100.0},""R3_stop_distance_atr"":{""value"":1.2567683881064158,""score"":87.83841940532079},""R4_rr_potential"":{""value"":2.336020919590319,""score"":66.80104597951595},""_score"":56.54},""market"":{""M1_spy_regime"":{""score"":100.0},""M3_earnings_risk"":{""value"":null,""score"":80.0},""M4_vix"":{""value"":null,""score"":60.0},""_score"":84.0},""liquidity"":{""L1_price"":{""value"":39.71,""score"":100.0},""L2_dollar_vol"":{""value"":94580071.15627499,""score"":98.78998182081004},""L3_spread_proxy"":{""value"":0.018383278771090326,""score"":81.61672122890968},""L4_volume_zscore"":{""value"":0.5034971478241909,""score"":100.0},""_score"":97.68},""pattern_structure"":{""pole_low"":37.07,""pole_low_idx"":35,""peak_price"":39.73,""peak_idx"":54,""pole_gain"":0.07175613703803606,""flag_bars"":5,""flag_low"":39.15,""flag_high"":39.615,""structural_low"":39.15,""current_price"":39.615,""neckline_distance_pct"":0.0029029408052504073,""base_bars"":5},""pattern_geometry_features"":{""pole_gain"":0.07175613703803606,""pullback_pct"":0.01459854014598536,""flag_range_pct"":0.01170400201359183,""flag_drift_per_bar"":0.0015776852202447438,""atr_pct"":0.022988092240169802,""pole_atr_multiple"":3.1214481083666485},""_schema_version"":""1.0""}",,,,,,,,,,
20260429T042402Z-4f6251,2026-04-29T04:24:02.652419+00:00,NIC,double_bottom,breakout_confirmed,55.0,54.0,50.6,52.3,63.6,38.0,76.2,46.2,84.0,81.6,8.11,12.64,4.18,8.9,4.94,6.09,2.77,5.04,4.08,True,risk_unclear,148.58,147.12,141.0126,151.08,"{""trend"":{""T1_ema_stack"":{""value"":[false,true,true],""score"":66.66666666666666},""T2_ema50_slope"":{""value"":0.14635150514225131,""score"":74.39191752370856},""T3_high_proximity"":{""value"":0.9207411538699882,""score"":60.37057693499409},""T4_rs_1m"":{""value"":-0.09214851314532457,""score"":0},""T5_rs_3m"":{""value"":0.012613086707997434,""score"":56.30654335399872},""T6_adr_healthy"":{""value"":2.465941031758525,""score"":100.0},""_score"":54.05},""geometry"":{""sub_low_similarity"":71.8,""sub_bounce_quality"":0,""sub_separation_fit"":86.7,""sub_right_bottom_reaction"":66.8,""sub_base_context"":30.0,""_score"":50.56},""compression"":{""VC1_atr_ratio"":{""value"":0.5977421945953801,""score"":100},""VC2_range_contraction"":{""value"":1.1009900785571476,""score"":0},""VC3_range_pct_rank"":{""score"":49.16666666666667},""_score"":52.29},""sr_quality"":{""SR1_touches"":{""value"":3,""score"":50.0},""SR2_tightness"":{""value"":0.578638248150096,""score"":73.9778725862804},""SR3_recency"":{""value"":244,""score"":0.0},""SR4_price_location"":{""score"":90.75052854122653},""SR5_reaction"":{""value"":1.9753653518443857,""score"":98.76826759221929},""_score"":63.6,""_levels_found"":6,""_target_level"":149.1633},""volume"":{""V1_rvol_day"":{""value"":0.6338835403968118,""score"":8.925569359787456},""V2_rvol_sameslot"":{""value"":1.5585592962099515,""score"":70.5706197473301,""status"":""ok""},""V3_breakout_bar"":{""value"":1.5489398109837622,""score"":69.92932073225082},""V4_base_dryup"":{""value"":1.2689244352630655,""score"":23.10755647369345},""V5_bo_expansion"":{""value"":0.6338835403968117,""score"":0},""_score"":38.0},""readiness"":{""_distance_atr"":-0.328,""BR1_atr_distance"":{""score"":100.0},""BR2_compression"":{""score"":74.63214753147562},""BR3_retest"":{""score"":50.0},""BR4_bo_age"":{""score"":50.0},""_score"":76.16},""risk"":{""R1_stop_clarity"":{""score"":3.4285815241742768},""R2_stop_distance_pct"":{""value"":5.0931484722035405,""score"":100.0},""R3_stop_distance_atr"":{""value"":1.701579938935373,""score"":100.0},""R4_rr_potential"":{""value"":0.3303644580701421,""score"":0.0},""_score"":46.2},""market"":{""M1_spy_regime"":{""score"":100.0},""M3_earnings_risk"":{""value"":null,""score"":80.0},""M4_vix"":{""value"":null,""score"":60.0},""_score"":84.0},""liquidity"":{""L1_price"":{""value"":148.58,""score"":100.0},""L2_dollar_vol"":{""value"":16299205.534739383,""score"":60.60832181440805},""L3_spread_proxy"":{""value"":0.026045901198007815,""score"":73.95409880199219},""L4_volume_zscore"":{""value"":-0.6989864998221745,""score"":100.0},""_score"":81.64},""pattern_structure"":{""left_low"":143.16,""left_idx"":60,""right_low"":145.19,""right_idx"":68,""separation_bars"":8,""structural_low"":143.16,""current_price"":147.06,""neckline_distance_pct"":0.00040799673602612724,""base_bars"":8},""pattern_geometry_features"":{""low_similarity_pct"":0.014080110976244155,""bounce_pct"":0.027661357921207098,""right_bottom_reaction"":0.6683937823834132,""atr_pct"":0.02993187893006172},""_schema_version"":""1.0""}",,,,,,,,,,
20260429T042402Z-4f6251,2026-04-29T04:24:02.652419+00:00,MA,breakout_retest_hold,forming,55.0,26.1,79.8,59.2,51.1,42.6,73.1,29.2,84.0,97.1,3.65,17.57,3.55,7.15,5.53,13.15,1.46,4.2,2.91,True,risk_unclear,507.62,509.045,503.014,510.945,"{""trend"":{""T1_ema_stack"":{""value"":[false,false,false],""score"":0.0},""T2_ema50_slope"":{""value"":-0.04136184015252566,""score"":43.10635997457906},""T3_high_proximity"":{""value"":0.9140212831085582,""score"":57.0106415542791},""T4_rs_1m"":{""value"":-0.07409826005689735,""score"":0},""T5_rs_3m"":{""value"":-0.04786970616788011,""score"":26.065146916059945},""T6_adr_healthy"":{""value"":1.9401312425624195,""score"":100.0},""_score"":26.08},""geometry"":{""sub_retest_depth"":100.0,""sub_retest_timing"":100.0,""sub_retest_freshness"":75.0,""sub_hold_quality"":49.5,""_score"":79.85},""compression"":{""VC1_atr_ratio"":{""value"":0.2767065893544163,""score"":100},""VC2_range_contraction"":{""value"":0.871368903093347,""score"":21.43851615110883},""VC3_range_pct_rank"":{""score"":46.666666666666664},""_score"":59.17},""sr_quality"":{""SR1_touches"":{""value"":4,""score"":75.0},""SR2_tightness"":{""value"":2.428799857954544,""score"":49.33591892816273},""SR3_recency"":{""value"":235,""score"":0.0},""SR4_price_location"":{""score"":24.79752262982337},""SR5_reaction"":{""value"":2.9545183640020847,""score"":100},""_score"":51.1,""_levels_found"":6,""_target_level"":515.5125},""volume"":{""V1_rvol_day"":{""value"":1.2283285676871036,""score"":48.55523784580691},""V2_rvol_sameslot"":{""value"":1.1156873004350554,""score"":41.04582002900369,""status"":""ok""},""V3_breakout_bar"":{""value"":1.0288147295975907,""score"":35.254315306506044},""V4_base_dryup"":{""value"":0.8226195064428954,""score"":67.73804935571046},""V5_bo_expansion"":{""value"":1.2283285676871036,""score"":15.221904512473575},""_score"":42.56},""readiness"":{""_distance_atr"":0.149,""BR1_atr_distance"":{""score"":90.09163376294413},""BR2_compression"":{""score"":24.039485420893236},""BR3_retest"":{""score"":95.04581688147216},""BR4_bo_age"":{""score"":80},""_score"":73.06},""risk"":{""R1_stop_clarity"":{""score"":0},""R2_stop_distance_pct"":{""value"":0.9073618060754121,""score"":72.6840451518853},""R3_stop_distance_atr"":{""value"":0.48039409967965463,""score"":49.019704983982734},""R4_rr_potential"":{""value"":0.7218923349146177,""score"":0.0},""_score"":29.16},""market"":{""M1_spy_regime"":{""score"":100.0},""M3_earnings_risk"":{""value"":null,""score"":80.0},""M4_vix"":{""value"":null,""score"":60.0},""_score"":84.0},""liquidity"":{""L1_price"":{""value"":507.62,""score"":96.19},""L2_dollar_vol"":{""value"":1975936852.005049,""score"":100.0},""L3_spread_proxy"":{""value"":0.01922698081241872,""score"":80.77301918758128},""L4_volume_zscore"":{""value"":1.0821169059550955,""score"":100.0},""_score"":97.12},""pattern_structure"":{""level"":509.045,""level_idx"":68,""breakout_idx"":74,""bo_peak_idx"":76,""bo_peak_price"":517.0,""retest_idx"":79,""retest_low"":508.095,""structural_low"":508.095,""current_price"":508.49,""neckline_distance_pct"":0.001091466892170951,""base_bars"":11,""bars_since_breakout"":5},""pattern_geometry_features"":{""retest_depth_atr"":0.3495970434078575,""bars_breakout_to_retest"":5.0,""bars_since_retest"":0.0,""current_above_level_atr"":-0.20423827272775327,""bo_peak_excess_pct"":0.01562730210492193,""atr_pct"":0.01888786324978754},""_schema_version"":""1.0""}",,,,,,,,,,
20260429T042402Z-4f6251,2026-04-29T04:24:02.652419+00:00,CTRE,breakout_retest_hold,breakout_confirmed,55.0,66.7,36.0,69.3,61.3,49.6,58.9,46.5,84.0,97.7,9.34,7.92,4.16,8.58,6.45,10.6,2.33,4.2,2.93,True,risk_unclear,39.71,38.77,38.7585,38.01,"{""trend"":{""T1_ema_stack"":{""value"":[true,true,true],""score"":100.0},""T2_ema50_slope"":{""value"":0.0339258039188192,""score"":55.65430065313653},""T3_high_proximity"":{""value"":0.9652406417112299,""score"":82.62032085561493},""T4_rs_1m"":{""value"":-0.05289451260458522,""score"":0},""T5_rs_3m"":{""value"":0.07548958228723257,""score"":87.74479114361628},""T6_adr_healthy"":{""value"":2.366696436984061,""score"":100.0},""_score"":66.69},""geometry"":{""sub_retest_depth"":0.0,""sub_retest_timing"":80.0,""sub_retest_freshness"":100.0,""sub_hold_quality"":0.0,""_score"":36.0},""compression"":{""VC1_atr_ratio"":{""value"":0.5372995325494055,""score"":100},""VC2_range_contraction"":{""value"":0.7515828297755544,""score"":41.402861704074276},""VC3_range_pct_rank"":{""score"":59.166666666666664},""_score"":69.28},""sr_quality"":{""SR1_touches"":{""value"":3,""score"":50.0},""SR2_tightness"":{""value"":0.1979898987322346,""score"":56.62193142016769},""SR3_recency"":{""value"":229,""score"":0.0},""SR4_price_location"":{""score"":91.19669876203594},""SR5_reaction"":{""value"":2.486697965571206,""score"":100},""_score"":61.29,""_levels_found"":5,""_target_level"":39.87},""volume"":{""V1_rvol_day"":{""value"":1.1214439166782326,""score"":41.42959444521551},""V2_rvol_sameslot"":{""value"":1.3326200507290034,""score"":55.508003381933555,""status"":""ok""},""V3_breakout_bar"":{""value"":1.557275840688282,""score"":70.48505604588547},""V4_base_dryup"":{""value"":0.9318663187209011,""score"":56.81336812790989},""V5_bo_expansion"":{""value"":1.1214439166782328,""score"":8.09626111188219},""_score"":49.59},""readiness"":{""_distance_atr"":-1.03,""BR1_atr_distance"":{""score"":39.40532081377157},""BR2_compression"":{""score"":44.440308180549614},""BR3_retest"":{""score"":100},""BR4_bo_age"":{""score"":80},""_score"":58.87},""risk"":{""R1_stop_clarity"":{""score"":14.225352112675921},""R2_stop_distance_pct"":{""value"":2.3961218836565172,""score"":100.0},""R3_stop_distance_atr"":{""value"":1.0423317683881095,""score"":77.11658841940547},""R4_rr_potential"":{""value"":-1.7866526537046594,""score"":0.0},""_score"":46.55},""market"":{""M1_spy_regime"":{""score"":100.0},""M3_earnings_risk"":{""value"":null,""score"":80.0},""M4_vix"":{""value"":null,""score"":60.0},""_score"":84.0},""liquidity"":{""L1_price"":{""value"":39.71,""score"":100.0},""L2_dollar_vol"":{""value"":94580071.15627499,""score"":98.78998182081004},""L3_spread_proxy"":{""value"":0.018383278771090326,""score"":81.61672122890968},""L4_volume_zscore"":{""value"":0.5034971478241909,""score"":100.0},""_score"":97.68},""pattern_structure"":{""level"":38.77,""level_idx"":68,""breakout_idx"":74,""bo_peak_idx"":74,""bo_peak_price"":39.73,""retest_idx"":75,""retest_low"":39.15,""structural_low"":39.15,""current_price"":39.615,""neckline_distance_pct"":-0.021330304177710434,""base_bars"":11,""bars_since_breakout"":5},""pattern_geometry_features"":{""retest_depth_atr"":-1.3860302738191208,""bars_breakout_to_retest"":1.0,""bars_since_retest"":4.0,""current_above_level_atr"":3.0820936352030777,""bo_peak_excess_pct"":0.024761413464018407,""atr_pct"":0.022988092240169802},""_schema_version"":""1.0""}",,,,,,,,,,
20260429T042402Z-4f6251,2026-04-29T04:24:02.652419+00:00,CTRE,vcp,forming,55.0,66.7,60.2,69.3,61.3,38.2,57.5,46.1,84.0,97.7,10.0,15.05,8.31,7.35,4.97,4.03,2.3,5.04,4.88,True,risk_unclear,39.71,40.09,36.3563,44.54,"{""trend"":{""T1_ema_stack"":{""value"":[true,true,true],""score"":100.0},""T2_ema50_slope"":{""value"":0.0339258039188192,""score"":55.65430065313653},""T3_high_proximity"":{""value"":0.9652406417112299,""score"":82.62032085561493},""T4_rs_1m"":{""value"":-0.05289451260458522,""score"":0},""T5_rs_3m"":{""value"":0.07548958228723257,""score"":87.74479114361628},""T6_adr_healthy"":{""value"":2.366696436984061,""score"":100.0},""_score"":66.69},""geometry"":{""sub_contraction_count"":100.0,""sub_reduction_rate"":0,""sub_pivot_tightness"":29.6,""sub_volume_dryup"":100,""sub_base_depth"":57.6,""sub_base_duration"":100.0,""_score"":60.2},""compression"":{""VC1_atr_ratio"":{""value"":0.5372995325494055,""score"":100},""VC2_range_contraction"":{""value"":0.7515828297755544,""score"":41.402861704074276},""VC3_range_pct_rank"":{""score"":59.166666666666664},""_score"":69.28},""sr_quality"":{""SR1_touches"":{""value"":3,""score"":50.0},""SR2_tightness"":{""value"":0.1979898987322346,""score"":56.62193142016769},""SR3_recency"":{""value"":229,""score"":0.0},""SR4_price_location"":{""score"":91.19669876203594},""SR5_reaction"":{""value"":2.486697965571206,""score"":100},""_score"":61.29,""_levels_found"":5,""_target_level"":39.87},""volume"":{""V1_rvol_day"":{""value"":1.1214439166782326,""score"":41.42959444521551},""V2_rvol_sameslot"":{""value"":1.3326200507290034,""score"":55.508003381933555,""status"":""ok""},""V3_breakout_bar"":{""value"":1.557275840688282,""score"":70.48505604588547},""V4_base_dryup"":{""value"":1.6070549721226821,""score"":0},""V5_bo_expansion"":{""value"":1.1214439166782328,""score"":8.09626111188219},""_score"":38.22},""readiness"":{""_distance_atr"":0.416,""BR1_atr_distance"":{""score"":72.24830464267066},""BR2_compression"":{""score"":44.440308180549614},""BR3_retest"":{""score"":50.0},""BR4_bo_age"":{""score"":50.0},""_score"":57.51},""risk"":{""R1_stop_clarity"":{""score"":0},""R2_stop_distance_pct"":{""value"":8.445353815159914,""score"":88.86615462100215},""R3_stop_distance_atr"":{""value"":3.6737949921752757,""score"":100.0},""R4_rr_potential"":{""value"":1.4402218478374318,""score"":22.01109239187159},""_score"":46.06},""market"":{""M1_spy_regime"":{""score"":100.0},""M3_earnings_risk"":{""value"":null,""score"":80.0},""M4_vix"":{""value"":null,""score"":60.0},""_score"":84.0},""liquidity"":{""L1_price"":{""value"":39.71,""score"":100.0},""L2_dollar_vol"":{""value"":94580071.15627499,""score"":98.78998182081004},""L3_spread_proxy"":{""value"":0.018383278771090326,""score"":81.61672122890968},""L4_volume_zscore"":{""value"":0.5034971478241909,""score"":100.0},""_score"":97.68},""pattern_structure"":{""n_contractions"":5,""contractions_pct"":[4.23,7.5,13.01,3.81,7.93],""descending_strict"":false,""final_low"":36.91,""final_pivot"":40.09,""structural_low"":36.91,""dry_up_ratio"":0.4500864178196221,""current_price"":39.71,""neckline_distance_pct"":0.009569377990430686,""base_bars"":45},""pattern_geometry_features"":{""contraction_count"":5.0,""first_contraction_pct"":0.04231141199226306,""last_contraction_pct"":0.0793215265652284,""dry_up_ratio"":0.4500864178196221,""near_monotone"":0.0,""base_depth_pct"":0.10759187620889755},""_schema_version"":""1.0""}",,,,,,,,,,
20260429T042402Z-4f6251,2026-04-29T04:24:02.652419+00:00,MA,vcp,forming,55.0,26.1,75.0,59.2,51.1,40.1,51.8,65.0,84.0,97.1,3.91,18.74,7.1,6.13,5.21,3.63,3.25,5.04,4.86,True,risk_unclear,507.62,511.82,487.575,606.49,"{""trend"":{""T1_ema_stack"":{""value"":[false,false,false],""score"":0.0},""T2_ema50_slope"":{""value"":-0.04136184015252566,""score"":43.10635997457906},""T3_high_proximity"":{""value"":0.9140212831085582,""score"":57.0106415542791},""T4_rs_1m"":{""value"":-0.07409826005689735,""score"":0},""T5_rs_3m"":{""value"":-0.04786970616788011,""score"":26.065146916059945},""T6_adr_healthy"":{""value"":1.9401312425624195,""score"":100.0},""_score"":26.08},""geometry"":{""sub_contraction_count"":100.0,""sub_reduction_rate"":44.6,""sub_pivot_tightness"":95.9,""sub_volume_dryup"":29.5,""sub_base_depth"":100.0,""sub_base_duration"":100.0,""_score"":74.96},""compression"":{""VC1_atr_ratio"":{""value"":0.2767065893544163,""score"":100},""VC2_range_contraction"":{""value"":0.871368903093347,""score"":21.43851615110883},""VC3_range_pct_rank"":{""score"":46.666666666666664},""_score"":59.17},""sr_quality"":{""SR1_touches"":{""value"":4,""score"":75.0},""SR2_tightness"":{""value"":2.428799857954544,""score"":49.33591892816273},""SR3_recency"":{""value"":235,""score"":0.0},""SR4_price_location"":{""score"":24.79752262982337},""SR5_reaction"":{""value"":2.9545183640020847,""score"":100},""_score"":51.1,""_levels_found"":6,""_target_level"":515.5125},""volume"":{""V1_rvol_day"":{""value"":1.2283285676871036,""score"":48.55523784580691},""V2_rvol_sameslot"":{""value"":1.1156873004350554,""score"":41.04582002900369,""status"":""ok""},""V3_breakout_bar"":{""value"":1.0288147295975907,""score"":35.254315306506044},""V4_base_dryup"":{""value"":0.9477991080692344,""score"":55.22008919307656},""V5_bo_expansion"":{""value"":1.2283285676871036,""score"":15.221904512473575},""_score"":40.06},""readiness"":{""_distance_atr"":0.438,""BR1_atr_distance"":{""score"":70.79639424867774},""BR2_compression"":{""score"":24.039485420893236},""BR3_retest"":{""score"":50.0},""BR4_bo_age"":{""score"":50.0},""_score"":51.83},""risk"":{""R1_stop_clarity"":{""score"":0},""R2_stop_distance_pct"":{""value"":3.948819983452192,""score"":100.0},""R3_stop_distance_atr"":{""value"":2.0906652760187736,""score"":100.0},""R4_rr_potential"":{""value"":4.932402095285604,""score"":100.0},""_score"":65.0},""market"":{""M1_spy_regime"":{""score"":100.0},""M3_earnings_risk"":{""value"":null,""score"":80.0},""M4_vix"":{""value"":null,""score"":60.0},""_score"":84.0},""liquidity"":{""L1_price"":{""value"":507.62,""score"":96.19},""L2_dollar_vol"":{""value"":1975936852.005049,""score"":100.0},""L3_spread_proxy"":{""value"":0.01922698081241872,""score"":80.77301918758128},""L4_volume_zscore"":{""value"":1.0821169059550955,""score"":100.0},""_score"":97.12},""pattern_structure"":{""n_contractions"":5,""contractions_pct"":[9.49,8.35,5.74,5.23,3.29],""descending_strict"":true,""final_low"":495.0,""final_pivot"":511.82,""structural_low"":495.0,""dry_up_ratio"":0.8525376927005377,""current_price"":507.62,""neckline_distance_pct"":0.008273905677475255,""base_bars"":64},""pattern_geometry_features"":{""contraction_count"":5.0,""first_contraction_pct"":0.09491749622670294,""last_contraction_pct"":0.032863115939197364,""dry_up_ratio"":0.8525376927005377,""near_monotone"":1.0,""base_depth_pct"":0.16054742483083753},""_schema_version"":""1.0""}",,,,,,,,,,
20260429T042402Z-4f6251,2026-04-29T04:24:02.652419+00:00,CCB,vcp,breakout_confirmed,55.0,45.3,54.3,50.7,35.6,66.5,57.5,65.0,84.0,79.2,6.79,13.57,6.08,4.27,8.65,4.03,3.25,5.04,3.96,True,risk_unclear,86.68,85.88,79.7998,124.63,"{""trend"":{""T1_ema_stack"":{""value"":[true,false,false],""score"":33.33333333333333},""T2_ema50_slope"":{""value"":-0.07349798216537339,""score"":37.7503363057711},""T3_high_proximity"":{""value"":0.8586428925210501,""score"":29.32144626052502},""T4_rs_1m"":{""value"":0.05870723782891485,""score"":100},""T5_rs_3m"":{""value"":-0.19445376397578062,""score"":0},""T6_adr_healthy"":{""value"":2.9364156044250125,""score"":100.0},""_score"":45.28},""geometry"":{""sub_contraction_count"":100.0,""sub_reduction_rate"":0,""sub_pivot_tightness"":62.0,""sub_volume_dryup"":15.5,""sub_base_depth"":76.4,""sub_base_duration"":100.0,""_score"":54.27},""compression"":{""VC1_atr_ratio"":{""value"":0.3505389356239882,""score"":100},""VC2_range_contraction"":{""value"":0.927208699711999,""score"":12.131883381333495},""VC3_range_pct_rank"":{""score"":25.83333333333333},""_score"":50.7},""sr_quality"":{""SR1_touches"":{""value"":2,""score"":25.0},""SR2_tightness"":{""value"":0.38000000000000256,""score"":67.55098368704974},""SR3_recency"":{""value"":315,""score"":0.0},""SR4_price_location"":{""score"":11.725434884814316},""SR5_reaction"":{""value"":4.065733655790353,""score"":100},""_score"":35.56,""_levels_found"":7,""_target_level"":110.15},""volume"":{""V1_rvol_day"":{""value"":1.2914855738566722,""score"":52.765704923778145},""V2_rvol_sameslot"":{""value"":1.724951446848409,""score"":81.66342978989394,""status"":""ok""},""V3_breakout_bar"":{""value"":2.4120511747500406,""score"":100},""V4_base_dryup"":{""value"":0.9144665326123307,""score"":58.55334673876693},""V5_bo_expansion"":{""value"":1.2914855738566722,""score"":19.43237159044481},""_score"":66.51},""readiness"":{""_distance_atr"":-0.342,""BR1_atr_distance"":{""score"":100.0},""BR2_compression"":{""score"":0},""BR3_retest"":{""score"":50.0},""BR4_bo_age"":{""score"":50.0},""_score"":57.5},""risk"":{""R1_stop_clarity"":{""score"":0},""R2_stop_distance_pct"":{""value"":7.9375000000000115,""score"":100.0},""R3_stop_distance_atr"":{""value"":2.937585963970619,""score"":100.0},""R4_rr_potential"":{""value"":5.5158079859306826,""score"":100.0},""_score"":65.0},""market"":{""M1_spy_regime"":{""score"":100.0},""M3_earnings_risk"":{""value"":null,""score"":80.0},""M4_vix"":{""value"":null,""score"":60.0},""_score"":84.0},""liquidity"":{""L1_price"":{""value"":86.68,""score"":100.0},""L2_dollar_vol"":{""value"":15201066.62430796,""score"":59.093703123551},""L3_spread_proxy"":{""value"":0.04430087678818647,""score"":55.69912321181353},""L4_volume_zscore"":{""value"":0.6731356509304508,""score"":100.0},""_score"":79.21},""pattern_structure"":{""n_contractions"":5,""contractions_pct"":[10.17,29.15,7.73,7.92,5.66],""descending_strict"":false,""final_low"":81.015,""final_pivot"":85.88,""structural_low"":81.015,""dry_up_ratio"":0.922505616200545,""current_price"":86.68,""neckline_distance_pct"":-0.009229349330872305,""base_bars"":70},""pattern_geometry_features"":{""contraction_count"":5.0,""first_contraction_pct"":0.10165741243268064,""last_contraction_pct"":0.05664881229622724,""dry_up_ratio"":0.922505616200545,""near_monotone"":0.0,""base_depth_pct"":0.3235502859767044},""_schema_version"":""1.0""}",,,,,,,,,,
20260429T042402Z-4f6251,2026-04-29T04:24:02.652419+00:00,OSBC,double_bottom,forming,55.0,67.8,59.3,42.9,50.4,59.2,52.8,53.4,84.0,78.4,10.17,14.82,3.43,7.05,7.69,4.22,3.21,5.04,3.92,True,risk_unclear,20.91,21.5,19.8675,22.83,"{""trend"":{""T1_ema_stack"":{""value"":[true,true,true],""score"":100.0},""T2_ema50_slope"":{""value"":0.1914417946617616,""score"":81.90696577696026},""T3_high_proximity"":{""value"":0.9534883720930233,""score"":76.74418604651162},""T4_rs_1m"":{""value"":-0.05390795251884195,""score"":0},""T5_rs_3m"":{""value"":0.03170202442697745,""score"":65.85101221348873},""T6_adr_healthy"":{""value"":2.529950741235264,""score"":100.0},""_score"":67.77},""geometry"":{""sub_low_similarity"":5.1,""sub_bounce_quality"":51.3,""sub_separation_fit"":100.0,""sub_right_bottom_reaction"":83.3,""sub_base_context"":100.0,""_score"":59.28},""compression"":{""VC1_atr_ratio"":{""value"":0.706661343151214,""score"":73.3346642121965},""VC2_range_contraction"":{""value"":1.1928452528747768,""score"":0},""VC3_range_pct_rank"":{""score"":54.16666666666667},""_score"":42.88},""sr_quality"":{""SR1_touches"":{""value"":2,""score"":25.0},""SR2_tightness"":{""value"":0.09499999999999886,""score"":67.42032677657244},""SR3_recency"":{""value"":269,""score"":0.0},""SR4_price_location"":{""score"":71.11111111111117},""SR5_reaction"":{""value"":2.4949170810572463,""score"":100},""_score"":50.39,""_levels_found"":4,""_target_level"":21.235},""volume"":{""V1_rvol_day"":{""value"":1.13279922353571,""score"":42.18661490238067},""V2_rvol_sameslot"":{""value"":1.6570930642797006,""score"":77.1395376186467,""status"":""ok""},""V3_breakout_bar"":{""value"":2.1062198936887646,""score"":100},""V4_base_dryup"":{""value"":1.051671859229264,""score"":44.8328140770736},""V5_bo_expansion"":{""value"":1.13279922353571,""score"":8.853281569047338},""_score"":59.16},""readiness"":{""_distance_atr"":1.012,""BR1_atr_distance"":{""score"":32.55436069535969},""BR2_compression"":{""score"":89.13389093148047},""BR3_retest"":{""score"":50.0},""BR4_bo_age"":{""score"":50.0},""_score"":52.81},""risk"":{""R1_stop_clarity"":{""score"":0},""R2_stop_distance_pct"":{""value"":4.9858919177427,""score"":100.0},""R3_stop_distance_atr"":{""value"":1.7876809641623561,""score"":100.0},""R4_rr_potential"":{""value"":1.8416382907294622,""score"":42.08191453647311},""_score"":53.42},""market"":{""M1_spy_regime"":{""score"":100.0},""M3_earnings_risk"":{""value"":null,""score"":80.0},""M4_vix"":{""value"":null,""score"":60.0},""_score"":84.0},""liquidity"":{""L1_price"":{""value"":20.91,""score"":100.0},""L2_dollar_vol"":{""value"":10722022.851639,""score"":51.513836424683305},""L3_spread_proxy"":{""value"":0.022238163558106164,""score"":77.76183644189383},""L4_volume_zscore"":{""value"":0.2951833700205499,""score"":100.0},""_score"":78.38},""pattern_structure"":{""left_low"":21.15,""left_idx"":50,""right_low"":20.17,""right_idx"":72,""separation_bars"":22,""structural_low"":20.17,""current_price"":20.93,""neckline_distance_pct"":0.027233635929288118,""base_bars"":22},""pattern_geometry_features"":{""low_similarity_pct"":0.04743465634075493,""bounce_pct"":0.0659395141298958,""right_bottom_reaction"":0.8333333333333334,""atr_pct"":0.027890278062444502},""_schema_version"":""1.0""}",,,,,,,,,,
20260429T042402Z-4f6251,2026-04-29T04:24:02.652419+00:00,OSBC,inverse_head_shoulders,forming,55.0,67.8,55.5,42.9,50.4,55.4,52.8,40.0,84.0,78.4,8.13,15.53,3.43,7.05,7.76,4.22,2.4,4.2,3.92,True,risk_unclear,20.91,21.5,18.9612,23.75,"{""trend"":{""T1_ema_stack"":{""value"":[true,true,true],""score"":100.0},""T2_ema50_slope"":{""value"":0.1914417946617616,""score"":81.90696577696026},""T3_high_proximity"":{""value"":0.9534883720930233,""score"":76.74418604651162},""T4_rs_1m"":{""value"":-0.05390795251884195,""score"":0},""T5_rs_3m"":{""value"":0.03170202442697745,""score"":65.85101221348873},""T6_adr_healthy"":{""value"":2.529950741235264,""score"":100.0},""_score"":67.77},""geometry"":{""sub_head_depth"":80.3,""sub_shoulder_price_sym"":18.8,""sub_shoulder_time_sym"":9.1,""sub_right_shoulder_reaction"":87.0,""sub_base_context"":100.0,""_score"":55.47},""compression"":{""VC1_atr_ratio"":{""value"":0.706661343151214,""score"":73.3346642121965},""VC2_range_contraction"":{""value"":1.1928452528747768,""score"":0},""VC3_range_pct_rank"":{""score"":54.16666666666667},""_score"":42.88},""sr_quality"":{""SR1_touches"":{""value"":2,""score"":25.0},""SR2_tightness"":{""value"":0.09499999999999886,""score"":67.42032677657244},""SR3_recency"":{""value"":269,""score"":0.0},""SR4_price_location"":{""score"":71.11111111111117},""SR5_reaction"":{""value"":2.4949170810572463,""score"":100},""_score"":50.39,""_levels_found"":4,""_target_level"":21.235},""volume"":{""V1_rvol_day"":{""value"":1.13279922353571,""score"":42.18661490238067},""V2_rvol_sameslot"":{""value"":1.6570930642797006,""score"":77.1395376186467,""status"":""ok""},""V3_breakout_bar"":{""value"":2.1062198936887646,""score"":100},""V4_base_dryup"":{""value"":1.2392736446229686,""score"":26.072635537703135},""V5_bo_expansion"":{""value"":1.13279922353571,""score"":8.853281569047338},""_score"":55.41},""readiness"":{""_distance_atr"":1.012,""BR1_atr_distance"":{""score"":32.55436069535969},""BR2_compression"":{""score"":89.13389093148047},""BR3_retest"":{""score"":50.0},""BR4_bo_age"":{""score"":50.0},""_score"":52.81},""risk"":{""R1_stop_clarity"":{""score"":0.97494059721231},""R2_stop_distance_pct"":{""value"":9.319703491152561,""score"":67.00741272118597},""R3_stop_distance_atr"":{""value"":3.341559904955539,""score"":100.0},""R4_rr_potential"":{""value"":1.4573444515715197,""score"":22.867222578575984},""_score"":40.02},""market"":{""M1_spy_regime"":{""score"":100.0},""M3_earnings_risk"":{""value"":null,""score"":80.0},""M4_vix"":{""value"":null,""score"":60.0},""_score"":84.0},""liquidity"":{""L1_price"":{""value"":20.91,""score"":100.0},""L2_dollar_vol"":{""value"":10722022.851639,""score"":51.513836424683305},""L3_spread_proxy"":{""value"":0.022238163558106164,""score"":77.76183644189383},""L4_volume_zscore"":{""value"":0.2951833700205499,""score"":100.0},""_score"":78.38},""pattern_structure"":{""left_shoulder"":21.15,""left_shoulder_idx"":70,""head"":19.25,""head_idx"":76,""right_shoulder"":19.82,""right_shoulder_idx"":87,""left_to_head_bars"":6,""head_to_right_bars"":11,""structural_low"":19.25,""current_price"":20.93,""neckline_distance_pct"":0.027233635929288118,""base_bars"":17},""pattern_geometry_features"":{""head_depth_pct"":0.06028801562118621,""shoulder_price_asymmetry"":0.06492555528435433,""shoulder_time_asymmetry"":0.45454545454545453,""right_shoulder_reaction"":0.8695652173913285,""atr_pct"":0.027890278062444502},""_schema_version"":""1.0""}",,,,,,,,,,
20260429T042402Z-4f6251,2026-04-29T04:24:02.652419+00:00,OSBC,base_on_base,forming,55.0,67.8,71.8,42.9,50.4,54.8,39.8,25.9,84.0,78.4,12.2,17.94,4.29,5.04,6.57,3.18,1.3,5.88,3.92,True,risk_unclear,20.91,22.43,18.6263,23.62,"{""trend"":{""T1_ema_stack"":{""value"":[true,true,true],""score"":100.0},""T2_ema50_slope"":{""value"":0.1914417946617616,""score"":81.90696577696026},""T3_high_proximity"":{""value"":0.9534883720930233,""score"":76.74418604651162},""T4_rs_1m"":{""value"":-0.05390795251884195,""score"":0},""T5_rs_3m"":{""value"":0.03170202442697745,""score"":65.85101221348873},""T6_adr_healthy"":{""value"":2.529950741235264,""score"":100.0},""_score"":67.77},""geometry"":{""sub_shallower_second"":0,""sub_second_base_depth"":100.0,""sub_rim_advance"":100,""sub_dry_up"":83.8,""sub_second_base_duration"":100.0,""_score"":71.76},""compression"":{""VC1_atr_ratio"":{""value"":0.706661343151214,""score"":73.3346642121965},""VC2_range_contraction"":{""value"":1.1928452528747768,""score"":0},""VC3_range_pct_rank"":{""score"":54.16666666666667},""_score"":42.88},""sr_quality"":{""SR1_touches"":{""value"":2,""score"":25.0},""SR2_tightness"":{""value"":0.09499999999999886,""score"":67.42032677657244},""SR3_recency"":{""value"":269,""score"":0.0},""SR4_price_location"":{""score"":71.11111111111117},""SR5_reaction"":{""value"":2.4949170810572463,""score"":100},""_score"":50.39,""_levels_found"":4,""_target_level"":21.235},""volume"":{""V1_rvol_day"":{""value"":1.13279922353571,""score"":42.18661490238067},""V2_rvol_sameslot"":{""value"":1.6570930642797006,""score"":77.1395376186467,""status"":""ok""},""V3_breakout_bar"":{""value"":2.1062198936887646,""score"":100},""V4_base_dryup"":{""value"":1.2723664248043993,""score"":22.763357519560074},""V5_bo_expansion"":{""value"":1.13279922353571,""score"":8.853281569047338},""_score"":54.75},""readiness"":{""_distance_atr"":2.606,""BR1_atr_distance"":{""score"":0},""BR2_compression"":{""score"":89.13389093148047},""BR3_retest"":{""score"":50.0},""BR4_bo_age"":{""score"":50.0},""_score"":39.78},""risk"":{""R1_stop_clarity"":{""score"":2.7239546334169518},""R2_stop_distance_pct"":{""value"":10.921329507412729,""score"":26.96676231468178},""R3_stop_distance_atr"":{""value"":3.915819513509542,""score"":100.0},""R4_rr_potential"":{""value"":1.1866967354892384,""score"":9.33483677446192},""_score"":25.91},""market"":{""M1_spy_regime"":{""score"":100.0},""M3_earnings_risk"":{""value"":null,""score"":80.0},""M4_vix"":{""value"":null,""score"":60.0},""_score"":84.0},""liquidity"":{""L1_price"":{""value"":20.91,""score"":100.0},""L2_dollar_vol"":{""value"":10722022.851639,""score"":51.513836424683305},""L3_spread_proxy"":{""value"":0.022238163558106164,""score"":77.76183644189383},""L4_volume_zscore"":{""value"":0.2951833700205499,""score"":100.0},""_score"":78.38},""pattern_structure"":{""first_base_low"":18.91,""first_base_top"":20.1,""first_base_bars"":20,""second_base_low"":18.91,""second_base_top"":22.43,""second_base_bars"":59,""structural_low"":18.91,""stacking_overlap_pct"":0.05920398009950255,""current_price"":20.91,""neckline_distance_pct"":0.07269249163079863,""base_bars"":59},""pattern_geometry_features"":{""first_base_depth_pct"":0.05920398009950255,""second_base_depth_pct"":0.15693267944716896,""second_dry_up_ratio"":0.5809092358279987,""rim_advance_pct"":0.11592039800995016,""atr_pct"":0.027890278062444502},""_schema_version"":""1.0""}",,,,,,,,,,
20260429T042402Z-4f6251,2026-04-29T04:24:02.652419+00:00,CCB,double_bottom,breakout_confirmed,55.0,45.3,60.6,50.7,35.6,63.2,57.5,45.0,84.0,79.2,6.79,15.14,4.06,4.98,8.21,4.6,2.7,5.04,3.96,True,risk_unclear,86.68,85.88,81.4595,89.06,"{""trend"":{""T1_ema_stack"":{""value"":[true,false,false],""score"":33.33333333333333},""T2_ema50_slope"":{""value"":-0.07349798216537339,""score"":37.7503363057711},""T3_high_proximity"":{""value"":0.8586428925210501,""score"":29.32144626052502},""T4_rs_1m"":{""value"":0.05870723782891485,""score"":100},""T5_rs_3m"":{""value"":-0.19445376397578062,""score"":0},""T6_adr_healthy"":{""value"":2.9364156044250125,""score"":100.0},""_score"":45.28},""geometry"":{""sub_low_similarity"":81.0,""sub_bounce_quality"":12.1,""sub_separation_fit"":0.0,""sub_right_bottom_reaction"":92.4,""sub_base_context"":100.0,""_score"":60.58},""compression"":{""VC1_atr_ratio"":{""value"":0.3505389356239882,""score"":100},""VC2_range_contraction"":{""value"":0.927208699711999,""score"":12.131883381333495},""VC3_range_pct_rank"":{""score"":25.83333333333333},""_score"":50.7},""sr_quality"":{""SR1_touches"":{""value"":2,""score"":25.0},""SR2_tightness"":{""value"":0.38000000000000256,""score"":67.55098368704974},""SR3_recency"":{""value"":315,""score"":0.0},""SR4_price_location"":{""score"":11.725434884814316},""SR5_reaction"":{""value"":4.065733655790353,""score"":100},""_score"":35.56,""_levels_found"":7,""_target_level"":110.15},""volume"":{""V1_rvol_day"":{""value"":1.2914855738566722,""score"":52.765704923778145},""V2_rvol_sameslot"":{""value"":1.724951446848409,""score"":81.66342978989394,""status"":""ok""},""V3_breakout_bar"":{""value"":2.4120511747500406,""score"":100},""V4_base_dryup"":{""value"":1.0818402445098498,""score"":41.815975549015015},""V5_bo_expansion"":{""value"":1.2914855738566722,""score"":19.43237159044481},""_score"":63.16},""readiness"":{""_distance_atr"":-0.342,""BR1_atr_distance"":{""score"":100.0},""BR2_compression"":{""score"":0},""BR3_retest"":{""score"":50.0},""BR4_bo_age"":{""score"":50.0},""_score"":57.5},""risk"":{""R1_stop_clarity"":{""score"":0},""R2_stop_distance_pct"":{""value"":6.022727272727274,""score"":100.0},""R3_stop_distance_atr"":{""value"":2.228948548180997,""score"":100.0},""R4_rr_potential"":{""value"":0.4558950292117576,""score"":0.0},""_score"":45.0},""market"":{""M1_spy_regime"":{""score"":100.0},""M3_earnings_risk"":{""value"":null,""score"":80.0},""M4_vix"":{""value"":null,""score"":60.0},""_score"":84.0},""liquidity"":{""L1_price"":{""value"":86.68,""score"":100.0},""L2_dollar_vol"":{""value"":15201066.62430796,""score"":59.093703123551},""L3_spread_proxy"":{""value"":0.04430087678818647,""score"":55.69912321181353},""L4_volume_zscore"":{""value"":0.6731356509304508,""score"":100.0},""_score"":79.21},""pattern_structure"":{""left_low"":82.7,""left_idx"":27,""right_low"":83.49,""right_idx"":74,""separation_bars"":47,""structural_low"":82.7,""current_price"":86.85,""neckline_distance_pct"":-0.011168681635002866,""base_bars"":47},""pattern_geometry_features"":{""low_similarity_pct"":0.00950719056501585,""bounce_pct"":0.0384522370012091,""right_bottom_reaction"":0.9238578680203089,""atr_pct"":0.027020485859318325},""_schema_version"":""1.0""}",,,,,,,,,,
20260429T042402Z-4f6251,2026-04-29T04:24:02.652419+00:00,FBK,breakout_retest_hold,setup,55.0,41.1,79.8,59.4,50.6,28.9,76.2,41.5,84.0,79.8,5.75,17.57,3.56,7.09,3.76,13.72,2.07,4.2,2.4,True,risk_unclear,54.82,54.72,54.0936,54.88,"{""trend"":{""T1_ema_stack"":{""value"":[true,false,true],""score"":66.66666666666666},""T2_ema50_slope"":{""value"":3.2419264110443214e-05,""score"":50.005403210685074},""T3_high_proximity"":{""value"":0.889790618406103,""score"":44.89530920305146},""T4_rs_1m"":{""value"":-0.0518860596387527,""score"":0},""T5_rs_3m"":{""value"":-0.06439840506376737,""score"":17.800797468116315},""T6_adr_healthy"":{""value"":2.4341085149379844,""score"":100.0},""_score"":41.07},""geometry"":{""sub_retest_depth"":91.2,""sub_retest_timing"":100.0,""sub_retest_freshness"":75.0,""sub_hold_quality"":58.3,""_score"":79.85},""compression"":{""VC1_atr_ratio"":{""value"":0.43436418378886876,""score"":100},""VC2_range_contraction"":{""value"":0.9179031570457034,""score"":13.682807159049442},""VC3_range_pct_rank"":{""score"":58.33333333333333},""_score"":59.37},""sr_quality"":{""SR1_touches"":{""value"":2,""score"":25.0},""SR2_tightness"":{""value"":0.3549999999999969,""score"":51.9150136081967},""SR3_recency"":{""value"":300,""score"":0.0},""SR4_price_location"":{""score"":81.33897652943445},""SR5_reaction"":{""value"":2.2112321206935093,""score"":100},""_score"":50.62,""_levels_found"":4,""_target_level"":55.305},""volume"":{""V1_rvol_day"":{""value"":0.6887778234970544,""score"":12.58518823313696},""V2_rvol_sameslot"":{""value"":0.6889237779543227,""score"":12.59491853028818,""status"":""ok""},""V3_breakout_bar"":{""value"":1.2067761325748592,""score"":47.118408838323944},""V4_base_dryup"":{""value"":0.8933225936771167,""score"":60.66774063228833},""V5_bo_expansion"":{""value"":0.6887778234970543,""score"":0},""_score"":28.95},""readiness"":{""_distance_atr"":-0.068,""BR1_atr_distance"":{""score"":100.0},""BR2_compression"":{""score"":19.109223113955206},""BR3_retest"":{""score"":97.29098668215197},""BR4_bo_age"":{""score"":80},""_score"":76.24},""risk"":{""R1_stop_clarity"":{""score"":25.989756156390214},""R2_stop_distance_pct"":{""value"":1.3250638453119266,""score"":83.12659613279816},""R3_stop_distance_atr"":{""value"":0.49195681852121315,""score"":49.597840926060655},""R4_rr_potential"":{""value"":0.08259911894272484,""score"":0.0},""_score"":41.47},""market"":{""M1_spy_regime"":{""score"":100.0},""M3_earnings_risk"":{""value"":null,""score"":80.0},""M4_vix"":{""value"":null,""score"":60.0},""_score"":84.0},""liquidity"":{""L1_price"":{""value"":54.82,""score"":100.0},""L2_dollar_vol"":{""value"":12616601.19915712,""score"":55.04711877846913},""L3_spread_proxy"":{""value"":0.021707406056183834,""score"":78.29259394381617},""L4_volume_zscore"":{""value"":-0.7973051005296301,""score"":100.0},""_score"":79.85},""pattern_structure"":{""level"":54.72,""level_idx"":62,""breakout_idx"":74,""bo_peak_idx"":74,""bo_peak_price"":55.83,""retest_idx"":79,""retest_low"":54.64,""structural_low"":54.64,""current_price"":54.675,""neckline_distance_pct"":0.0008230452674897431,""base_bars"":17,""bars_since_breakout"":5},""pattern_geometry_features"":{""retest_depth_atr"":0.23811042370898935,""bars_breakout_to_retest"":5.0,""bars_since_retest"":0.0,""current_above_level_atr"":-0.13393711333631445,""bo_peak_excess_pct"":0.020285087719298236,""atr_pct"":0.026934555949340702},""_schema_version"":""1.0""}",,,,,,,,,,
20260429T042402Z-4f6251,2026-04-29T04:24:02.652419+00:00,EBC,breakout_retest_hold,setup,55.0,50.4,67.7,62.9,40.8,23.4,95.5,40.5,84.0,91.4,7.06,14.89,3.78,5.71,3.04,17.19,2.02,4.2,2.74,True,risk_unclear,20.14,20.005,19.8644,19.885,"{""trend"":{""T1_ema_stack"":{""value"":[false,true,true],""score"":66.66666666666666},""T2_ema50_slope"":{""value"":0.14118674261402975,""score"":73.53112376900495},""T3_high_proximity"":{""value"":0.91670459717797,""score"":58.35229858898499},""T4_rs_1m"":{""value"":-0.06293770503325158,""score"":0},""T5_rs_3m"":{""value"":-0.02970634900992908,""score"":35.14682549503546},""T6_adr_healthy"":{""value"":2.2839707775673923,""score"":100.0},""_score"":50.4},""geometry"":{""sub_retest_depth"":8.9,""sub_retest_timing"":100.0,""sub_retest_freshness"":75.0,""sub_hold_quality"":100.0,""_score"":67.67},""compression"":{""VC1_atr_ratio"":{""value"":0.4433399834330864,""score"":100},""VC2_range_contraction"":{""value"":1.1293030595098443,""score"":0},""VC3_range_pct_rank"":{""score"":91.66666666666666},""_score"":62.92},""sr_quality"":{""SR1_touches"":{""value"":3,""score"":50.0},""SR2_tightness"":{""value"":0.07363574011458156,""score"":71.04212467404099},""SR3_recency"":{""value"":234,""score"":0.0},""SR4_price_location"":{""score"":7.41079597438272},""SR5_reaction"":{""value"":1.7696629213483128,""score"":88.48314606741565},""_score"":40.78,""_levels_found"":6,""_target_level"":20.9833},""volume"":{""V1_rvol_day"":{""value"":0.8852848103079417,""score"":25.685654020529448},""V2_rvol_sameslot"":{""value"":1.1032245578640971,""score"":40.21497052427314,""status"":""ok""},""V3_breakout_bar"":{""value"":1.1101204673765819,""score"":40.67469782510546},""V4_base_dryup"":{""value"":1.8128679215739185,""score"":0},""V5_bo_expansion"":{""value"":0.8852848103079417,""score"":0},""_score"":23.35},""readiness"":{""_distance_atr"":-0.265,""BR1_atr_distance"":{""score"":100.0},""BR2_compression"":{""score"":100},""BR3_retest"":{""score"":100},""BR4_bo_age"":{""score"":70},""_score"":95.5},""risk"":{""R1_stop_clarity"":{""score"":21.09269662921372},""R2_stop_distance_pct"":{""value"":1.3686693147964193,""score"":84.21673286991049},""R3_stop_distance_atr"":{""value"":0.5420084269662895,""score"":52.10042134831448},""R4_rr_potential"":{""value"":-0.9250861599855149,""score"":0.0},""_score"":40.46},""market"":{""M1_spy_regime"":{""score"":100.0},""M3_earnings_risk"":{""value"":null,""score"":80.0},""M4_vix"":{""value"":null,""score"":60.0},""_score"":84.0},""liquidity"":{""L1_price"":{""value"":20.14,""score"":100.0},""L2_dollar_vol"":{""value"":43105397.387414604,""score"":81.72658265978923},""L3_spread_proxy"":{""value"":0.012835153922542102,""score"":87.1648460774579},""L4_volume_zscore"":{""value"":-0.1834198187633667,""score"":100.0},""_score"":91.41},""pattern_structure"":{""level"":20.005,""level_idx"":68,""breakout_idx"":73,""bo_peak_idx"":74,""bo_peak_price"":20.3235,""retest_idx"":79,""retest_low"":20.065,""structural_low"":20.065,""current_price"":20.105,""neckline_distance_pct"":-0.004973887092763065,""base_bars"":11,""bars_since_breakout"":6},""pattern_geometry_features"":{""retest_depth_atr"":-0.3375527426160463,""bars_breakout_to_retest"":6.0,""bars_since_retest"":0.0,""current_above_level_atr"":0.5625879043600639,""bo_peak_excess_pct"":0.015921019745063745,""atr_pct"":0.025251808767201036},""_schema_version"":""1.0""}",,,,,,,,,,
20260429T042402Z-4f6251,2026-04-29T04:24:02.652419+00:00,EPRT,double_bottom,forming,55.0,49.5,63.5,52.7,39.0,48.2,49.1,52.0,84.0,97.6,7.43,15.88,4.22,5.45,6.27,3.93,3.12,5.04,4.88,True,risk_unclear,31.35,31.98,30.5251,32.97,"{""trend"":{""T1_ema_stack"":{""value"":[false,true,true],""score"":66.66666666666666},""T2_ema50_slope"":{""value"":0.0365870275276238,""score"":56.09783792127063},""T3_high_proximity"":{""value"":0.9063313096270598,""score"":53.16565481352986},""T4_rs_1m"":{""value"":-0.09045120317826294,""score"":0},""T5_rs_3m"":{""value"":0.015474465461898124,""score"":57.73723273094906},""T6_adr_healthy"":{""value"":2.0760431888852757,""score"":100.0},""_score"":49.52},""geometry"":{""sub_low_similarity"":94.2,""sub_bounce_quality"":2.8,""sub_separation_fit"":100.0,""sub_right_bottom_reaction"":91.3,""sub_base_context"":30.0,""_score"":63.52},""compression"":{""VC1_atr_ratio"":{""value"":0.5968957305489171,""score"":100},""VC2_range_contraction"":{""value"":1.2144827317681754,""score"":0},""VC3_range_pct_rank"":{""score"":50.83333333333333},""_score"":52.71},""sr_quality"":{""SR1_touches"":{""value"":2,""score"":25.0},""SR2_tightness"":{""value"":0.005000000000002558,""score"":98.60034991252115},""SR3_recency"":{""value"":234,""score"":0.0},""SR4_price_location"":{""score"":11.025819958130107},""SR5_reaction"":{""value"":1.8545363659085217,""score"":92.72681829542609},""_score"":38.96,""_levels_found"":4,""_target_level"":32.625},""volume"":{""V1_rvol_day"":{""value"":1.1510117806353795,""score"":43.40078537569197},""V2_rvol_sameslot"":{""value"":1.2950776123804897,""score"":53.00517415869931,""status"":""ok""},""V3_breakout_bar"":{""value"":1.6590835649087892,""score"":77.27223766058594},""V4_base_dryup"":{""value"":1.0948997683050887,""score"":40.51002316949113},""V5_bo_expansion"":{""value"":1.1510117806353795,""score"":10.067452042358632},""_score"":48.21},""readiness"":{""_distance_atr"":0.882,""BR1_atr_distance"":{""score"":41.214696325918624},""BR2_compression"":{""score"":60.666327246959305},""BR3_retest"":{""score"":50.0},""BR4_bo_age"":{""score"":50.0},""_score"":49.15},""risk"":{""R1_stop_clarity"":{""score"":0},""R2_stop_distance_pct"":{""value"":2.631100478468915,""score"":100.0},""R3_stop_distance_atr"":{""value"":1.1545013746563428,""score"":82.72506873281714},""R4_rr_potential"":{""value"":1.9639934533551406,""score"":48.199672667757035},""_score"":52.05},""market"":{""M1_spy_regime"":{""score"":100.0},""M3_earnings_risk"":{""value"":null,""score"":80.0},""M4_vix"":{""value"":null,""score"":60.0},""_score"":84.0},""liquidity"":{""L1_price"":{""value"":31.35,""score"":100.0},""L2_dollar_vol"":{""value"":91980709.0300329,""score"":98.18483764972652},""L3_spread_proxy"":{""value"":0.01642743221690592,""score"":83.57256778309409},""L4_volume_zscore"":{""value"":0.38080128195592394,""score"":100.0},""_score"":97.63},""pattern_structure"":{""left_low"":31.08,""left_idx"":60,""right_low"":30.99,""right_idx"":75,""separation_bars"":15,""structural_low"":30.99,""current_price"":31.45,""neckline_distance_pct"":0.016852146263911006,""base_bars"":15},""pattern_geometry_features"":{""low_similarity_pct"":0.0028999516674722047,""bounce_pct"":0.03194578896418206,""right_bottom_reaction"":0.9126213592233047,""atr_pct"":0.02278992936887674},""_schema_version"":""1.0""}",,,,,,,,,,
20260429T042402Z-4f6251,2026-04-29T04:24:02.652419+00:00,ICE,cup_with_handle,forming,55.0,22.7,71.5,51.3,61.5,29.4,38.4,60.6,84.0,97.7,3.18,21.44,4.1,7.39,3.83,3.07,3.03,4.2,4.88,True,risk_unclear,156.3,165.89,152.9803,186.08,"{""trend"":{""T1_ema_stack"":{""value"":[false,false,false],""score"":0.0},""T2_ema50_slope"":{""value"":0.022281521252709942,""score"":53.713586875451654},""T3_high_proximity"":{""value"":0.8926327812678471,""score"":46.31639063392351},""T4_rs_1m"":{""value"":-0.0986033303378635,""score"":0},""T5_rs_3m"":{""value"":-0.12128461991503703,""score"":0},""T6_adr_healthy"":{""value"":2.2404876431110243,""score"":100.0},""_score"":22.69},""geometry"":{""sub_cup_depth"":42.8,""sub_cup_duration"":84.0,""sub_rim_symmetry"":81.5,""sub_handle_shallowness"":46.9,""sub_handle_proportion"":100.0,""sub_u_shape"":97.6,""_score"":71.48},""compression"":{""VC1_atr_ratio"":{""value"":0.3306683077833172,""score"":100},""VC2_range_contraction"":{""value"":0.9347511171684192,""score"":10.87481380526347},""VC3_range_pct_rank"":{""score"":30.000000000000004},""_score"":51.31},""sr_quality"":{""SR1_touches"":{""value"":5,""score"":100},""SR2_tightness"":{""value"":0.6331753311682338,""score"":65.20536715657455},""SR3_recency"":{""value"":233,""score"":0.0},""SR4_price_location"":{""score"":27.07518685343811},""SR5_reaction"":{""value"":2.2474240967165815,""score"":100},""_score"":61.55,""_levels_found"":6,""_target_level"":158.7555},""volume"":{""V1_rvol_day"":{""value"":0.9534218817164131,""score"":30.228125447760874},""V2_rvol_sameslot"":{""value"":0.766405101066831,""score"":17.76034007112207,""status"":""ok""},""V3_breakout_bar"":{""value"":0.9129551576515583,""score"":27.530343843437223},""V4_base_dryup"":{""value"":0.851455699903528,""score"":64.8544300096472},""V5_bo_expansion"":{""value"":0.9534218817164131,""score"":0},""_score"":29.45},""readiness"":{""_distance_atr"":2.635,""BR1_atr_distance"":{""score"":0},""BR2_compression"":{""score"":83.53305285469806},""BR3_retest"":{""score"":50.0},""BR4_bo_age"":{""score"":50.0},""_score"":38.38},""risk"":{""R1_stop_clarity"":{""score"":0},""R2_stop_distance_pct"":{""value"":2.123896353167002,""score"":100.0},""R3_stop_distance_atr"":{""value"":0.9121170490452062,""score"":70.60585245226031},""R4_rr_potential"":{""value"":8.970825237600275,""score"":100.0},""_score"":60.59},""market"":{""M1_spy_regime"":{""score"":100.0},""M3_earnings_risk"":{""value"":null,""score"":80.0},""M4_vix"":{""value"":null,""score"":60.0},""_score"":84.0},""liquidity"":{""L1_price"":{""value"":156.3,""score"":100.0},""L2_dollar_vol"":{""value"":433264660.8895323,""score"":100.0},""L3_spread_proxy"":{""value"":0.02328854766474719,""score"":76.7114523352528},""L4_volume_zscore"":{""value"":-0.18612451001714342,""score"":100.0},""_score"":97.67},""pattern_structure"":{""left_rim"":164.37,""left_rim_idx"":87,""cup_bottom"":144.18,""cup_bottom_idx"":128,""right_rim"":165.89,""right_rim_idx"":171,""handle_low"":155.31,""handle_bars"":8,""cup_bars"":84,""structural_low"":155.31,""current_price"":156.3,""neckline_distance_pct"":0.06135636596289171,""base_bars"":92},""pattern_geometry_features"":{""cup_depth_pct"":0.12283263369227959,""rim_symmetry_pct"":0.009247429579606873,""handle_depth_pct"":0.06377720176020245,""handle_to_cup_ratio"":0.09523809523809523,""cup_duration_bars"":84.0,""atr_pct"":0.02328534868841968,""u_shape_score"":0.4880952380952381},""_schema_version"":""1.0""}",,,,,,,,,,
20260429T042402Z-4f6251,2026-04-29T04:24:02.652419+00:00,V,breakout_retest_hold,setup,55.0,25.0,63.6,63.0,53.2,60.0,76.1,30.8,84.0,98.3,3.5,14.0,3.78,7.45,7.8,13.7,1.54,4.2,2.95,True,risk_unclear,309.3,308.99,306.1476,308.49,"{""trend"":{""T1_ema_stack"":{""value"":[false,false,false],""score"":0.0},""T2_ema50_slope"":{""value"":-0.047046910717665286,""score"":42.15884821372245},""T3_high_proximity"":{""value"":0.926491732566499,""score"":63.24586628324946},""T4_rs_1m"":{""value"":-0.07575043403605308,""score"":0},""T5_rs_3m"":{""value"":-0.07236136772199064,""score"":13.819316139004677},""T6_adr_healthy"":{""value"":1.8265893460599985,""score"":100.0},""_score"":24.99},""geometry"":{""sub_retest_depth"":35.5,""sub_retest_timing"":40.0,""sub_retest_freshness"":75.0,""sub_hold_quality"":100.0,""_score"":63.65},""compression"":{""VC1_atr_ratio"":{""value"":0.2574376614439932,""score"":100},""VC2_range_contraction"":{""value"":0.8370010730475486,""score"":27.166487825408574},""VC3_range_pct_rank"":{""score"":54.16666666666667},""_score"":63.05},""sr_quality"":{""SR1_touches"":{""value"":2,""score"":25.0},""SR2_tightness"":{""value"":1.2949999999999875,""score"":52.2036918891278},""SR3_recency"":{""value"":235,""score"":0.0},""SR4_price_location"":{""score"":91.43525672155825},""SR5_reaction"":{""value"":2.15360199094164,""score"":100},""_score"":53.19,""_levels_found"":8,""_target_level"":309.785},""volume"":{""V1_rvol_day"":{""value"":1.4055853181813927,""score"":60.37235454542618},""V2_rvol_sameslot"":{""value"":1.6089712229513908,""score"":73.93141486342606,""status"":""ok""},""V3_breakout_bar"":{""value"":1.3805654116623551,""score"":58.704360777490336},""V4_base_dryup"":{""value"":0.7809554307592327,""score"":71.90445692407673},""V5_bo_expansion"":{""value"":1.4055853181813924,""score"":27.039021212092827},""_score"":59.97},""readiness"":{""_distance_atr"":-0.057,""BR1_atr_distance"":{""score"":100.0},""BR2_compression"":{""score"":46.35120381614392},""BR3_retest"":{""score"":100},""BR4_bo_age"":{""score"":30.0},""_score"":76.09},""risk"":{""R1_stop_clarity"":{""score"":0},""R2_stop_distance_pct"":{""value"":1.0192046556741028,""score"":75.48011639185258},""R3_stop_distance_atr"":{""value"":0.5817493501494787,""score"":54.08746750747393},""R4_rr_potential"":{""value"":-0.25694708793300414,""score"":0.0},""_score"":30.76},""market"":{""M1_spy_regime"":{""score"":100.0},""M3_earnings_risk"":{""value"":null,""score"":80.0},""M4_vix"":{""value"":null,""score"":60.0},""_score"":84.0},""liquidity"":{""L1_price"":{""value"":309.3,""score"":100.0},""L2_dollar_vol"":{""value"":2740565952.2039757,""score"":100.0},""L3_spread_proxy"":{""value"":0.016876818622696316,""score"":83.12318137730368},""L4_volume_zscore"":{""value"":1.6620014171444286,""score"":100.0},""_score"":98.31},""pattern_structure"":{""level"":308.99,""level_idx"":61,""breakout_idx"":68,""bo_peak_idx"":74,""bo_peak_price"":313.96,""retest_idx"":79,""retest_low"":309.24,""structural_low"":309.24,""current_price"":309.62,""neckline_distance_pct"":-0.002034752276984676,""base_bars"":18,""bars_since_breakout"":11},""pattern_geometry_features"":{""retest_depth_atr"":-0.15174638410044788,""bars_breakout_to_retest"":11.0,""bars_since_retest"":0.0,""current_above_level_atr"":0.3824008879331259,""bo_peak_excess_pct"":0.01608466293407544,""atr_pct"":0.017519652671932014},""_schema_version"":""1.0""}",,,,,,,,,,
20260429T042402Z-4f6251,2026-04-29T04:24:02.652419+00:00,EXE,breakout_retest_hold,setup,55.0,8.8,84.2,82.9,56.0,26.0,78.7,44.6,84.0,98.2,1.24,18.53,4.97,7.83,3.39,14.16,2.23,4.2,2.95,True,risk_unclear,96.96,96.7,95.139,97.9,"{""trend"":{""T1_ema_stack"":{""value"":[false,false,false],""score"":0.0},""T2_ema50_slope"":{""value"":-0.31109360930142677,""score"":0},""T3_high_proximity"":{""value"":0.8511235955056179,""score"":25.561797752808925},""T4_rs_1m"":{""value"":-0.26810697601745426,""score"":0},""T5_rs_3m"":{""value"":-0.13228024867197186,""score"":0},""T6_adr_healthy"":{""value"":2.551121461602475,""score"":100.0},""_score"":8.83},""geometry"":{""sub_retest_depth"":100.0,""sub_retest_timing"":100.0,""sub_retest_freshness"":50.0,""sub_hold_quality"":80.7,""_score"":84.21},""compression"":{""VC1_atr_ratio"":{""value"":0.24316071993619418,""score"":100},""VC2_range_contraction"":{""value"":0.6648213901419,""score"":55.86310164301666},""VC3_range_pct_rank"":{""score"":93.33333333333333},""_score"":82.89},""sr_quality"":{""SR1_touches"":{""value"":2,""score"":25.0},""SR2_tightness"":{""value"":0.125,""score"":89.18688562008097},""SR3_recency"":{""value"":269,""score"":0.0},""SR4_price_location"":{""score"":80.34175805730719},""SR5_reaction"":{""value"":5.834756519404315,""score"":100},""_score"":55.96,""_levels_found"":6,""_target_level"":98.475},""volume"":{""V1_rvol_day"":{""value"":0.8047346714535224,""score"":20.315644763568162},""V2_rvol_sameslot"":{""value"":0.6229446870382895,""score"":8.196312469219302,""status"":""ok""},""V3_breakout_bar"":{""value"":0.7907260437291054,""score"":19.381736248607027},""V4_base_dryup"":{""value"":0.7254716404692684,""score"":77.45283595307316},""V5_bo_expansion"":{""value"":0.8047346714535224,""score"":0},""_score"":26.04},""readiness"":{""_distance_atr"":-0.112,""BR1_atr_distance"":{""score"":100.0},""BR2_compression"":{""score"":66.99202751491501},""BR3_retest"":{""score"":87.02426274409697},""BR4_bo_age"":{""score"":30.0},""_score"":78.65},""risk"":{""R1_stop_clarity"":{""score"":16.8687766471826},""R2_stop_distance_pct"":{""value"":1.8780940594059385,""score"":96.95235148514847},""R3_stop_distance_atr"":{""value"":0.7876272514333016,""score"":64.38136257166508},""R4_rr_potential"":{""value"":0.516199890170251,""score"":0.0},""_score"":44.65},""market"":{""M1_spy_regime"":{""score"":100.0},""M3_earnings_risk"":{""value"":null,""score"":80.0},""M4_vix"":{""value"":null,""score"":60.0},""_score"":84.0},""liquidity"":{""L1_price"":{""value"":96.96,""score"":100.0},""L2_dollar_vol"":{""value"":260132148.29209822,""score"":100.0},""L3_spread_proxy"":{""value"":0.018151815181518205,""score"":81.8481848184818},""L4_volume_zscore"":{""value"":-0.8970949170722291,""score"":100.0},""_score"":98.18},""pattern_structure"":{""level"":96.7,""level_idx"":61,""breakout_idx"":68,""bo_peak_idx"":68,""bo_peak_price"":98.77,""retest_idx"":71,""retest_low"":96.1,""structural_low"":96.1,""current_price"":97.465,""neckline_distance_pct"":-0.00784897142563998,""base_bars"":18,""bars_since_breakout"":11},""pattern_geometry_features"":{""retest_depth_atr"":0.9051236463552749,""bars_breakout_to_retest"":3.0,""bars_since_retest"":8.0,""current_above_level_atr"":1.15403264910296,""bo_peak_excess_pct"":0.02140641158221296,""atr_pct"":0.023844960366572344},""_schema_version"":""1.0""}",,,,,,,,,,
20260429T042402Z-4f6251,2026-04-29T04:24:02.652419+00:00,V,vcp,forming,55.0,25.0,60.3,63.0,53.2,57.7,60.3,65.0,84.0,98.3,3.75,15.07,7.57,6.38,7.5,4.22,3.25,5.04,4.92,True,risk_unclear,309.3,311.08,297.8049,346.33,"{""trend"":{""T1_ema_stack"":{""value"":[false,false,false],""score"":0.0},""T2_ema50_slope"":{""value"":-0.047046910717665286,""score"":42.15884821372245},""T3_high_proximity"":{""value"":0.926491732566499,""score"":63.24586628324946},""T4_rs_1m"":{""value"":-0.07575043403605308,""score"":0},""T5_rs_3m"":{""value"":-0.07236136772199064,""score"":13.819316139004677},""T6_adr_healthy"":{""value"":1.8265893460599985,""score"":100.0},""_score"":24.99},""geometry"":{""sub_contraction_count"":100.0,""sub_reduction_rate"":7.7,""sub_pivot_tightness"":100,""sub_volume_dryup"":19.6,""sub_base_depth"":54.4,""sub_base_duration"":100.0,""_score"":60.3},""compression"":{""VC1_atr_ratio"":{""value"":0.2574376614439932,""score"":100},""VC2_range_contraction"":{""value"":0.8370010730475486,""score"":27.166487825408574},""VC3_range_pct_rank"":{""score"":54.16666666666667},""_score"":63.05},""sr_quality"":{""SR1_touches"":{""value"":2,""score"":25.0},""SR2_tightness"":{""value"":1.2949999999999875,""score"":52.2036918891278},""SR3_recency"":{""value"":235,""score"":0.0},""SR4_price_location"":{""score"":91.43525672155825},""SR5_reaction"":{""value"":2.15360199094164,""score"":100},""_score"":53.19,""_levels_found"":8,""_target_level"":309.785},""volume"":{""V1_rvol_day"":{""value"":1.4055853181813927,""score"":60.37235454542618},""V2_rvol_sameslot"":{""value"":1.6089712229513908,""score"":73.93141486342606,""status"":""ok""},""V3_breakout_bar"":{""value"":1.3805654116623551,""score"":58.704360777490336},""V4_base_dryup"":{""value"":0.8934608612091803,""score"":60.65391387908197},""V5_bo_expansion"":{""value"":1.4055853181813924,""score"":27.039021212092827},""_score"":57.72},""readiness"":{""_distance_atr"":0.328,""BR1_atr_distance"":{""score"":78.10104802127361},""BR2_compression"":{""score"":46.35120381614392},""BR3_retest"":{""score"":50.0},""BR4_bo_age"":{""score"":50.0},""_score"":60.33},""risk"":{""R1_stop_clarity"":{""score"":0},""R2_stop_distance_pct"":{""value"":3.7164888457808067,""score"":100.0},""R3_stop_distance_atr"":{""value"":2.121325642337043,""score"":100.0},""R4_rr_potential"":{""value"":3.2213725848404846,""score"":100.0},""_score"":65.0},""market"":{""M1_spy_regime"":{""score"":100.0},""M3_earnings_risk"":{""value"":null,""score"":80.0},""M4_vix"":{""value"":null,""score"":60.0},""_score"":84.0},""liquidity"":{""L1_price"":{""value"":309.3,""score"":100.0},""L2_dollar_vol"":{""value"":2740565952.2039757,""score"":100.0},""L3_spread_proxy"":{""value"":0.016876818622696316,""score"":83.12318137730368},""L4_volume_zscore"":{""value"":1.6620014171444286,""score"":100.0},""_score"":98.31},""pattern_structure"":{""n_contractions"":5,""contractions_pct"":[4.14,5.98,6.06,5.01,2.81],""descending_strict"":false,""final_low"":302.34,""final_pivot"":311.08,""structural_low"":302.34,""dry_up_ratio"":0.902231506446602,""current_price"":309.3,""neckline_distance_pct"":0.005754930488199071,""base_bars"":45},""pattern_geometry_features"":{""contraction_count"":5.0,""first_contraction_pct"":0.04138155751058968,""last_contraction_pct"":0.028095666709528126,""dry_up_ratio"":0.902231506446602,""near_monotone"":0.0,""base_depth_pct"":0.10441660001777305},""_schema_version"":""1.0""}",,,,,,,,,,
20260429T042402Z-4f6251,2026-04-29T04:24:02.652419+00:00,CTRE,double_bottom,absent,55.0,66.7,44.5,69.3,61.3,38.2,66.6,45.0,84.0,97.7,10.0,11.14,5.54,8.58,4.97,5.33,2.7,5.04,4.88,True,risk_unclear,39.71,39.78,37.8929,41.09,"{""trend"":{""T1_ema_stack"":{""value"":[true,true,true],""score"":100.0},""T2_ema50_slope"":{""value"":0.0339258039188192,""score"":55.65430065313653},""T3_high_proximity"":{""value"":0.9652406417112299,""score"":82.62032085561493},""T4_rs_1m"":{""value"":-0.05289451260458522,""score"":0},""T5_rs_3m"":{""value"":0.07548958228723257,""score"":87.74479114361628},""T6_adr_healthy"":{""value"":2.366696436984061,""score"":100.0},""_score"":66.69},""geometry"":{""sub_low_similarity"":54.8,""sub_bounce_quality"":5.8,""sub_separation_fit"":40.0,""sub_right_bottom_reaction"":6.3,""sub_base_context"":100.0,""_score"":44.55},""compression"":{""VC1_atr_ratio"":{""value"":0.5372995325494055,""score"":100},""VC2_range_contraction"":{""value"":0.7515828297755544,""score"":41.402861704074276},""VC3_range_pct_rank"":{""score"":59.166666666666664},""_score"":69.28},""sr_quality"":{""SR1_touches"":{""value"":3,""score"":50.0},""SR2_tightness"":{""value"":0.1979898987322346,""score"":56.62193142016769},""SR3_recency"":{""value"":229,""score"":0.0},""SR4_price_location"":{""score"":91.19669876203594},""SR5_reaction"":{""value"":2.486697965571206,""score"":100},""_score"":61.29,""_levels_found"":5,""_target_level"":39.87},""volume"":{""V1_rvol_day"":{""value"":1.1214439166782326,""score"":41.42959444521551},""V2_rvol_sameslot"":{""value"":1.3326200507290034,""score"":55.508003381933555,""status"":""ok""},""V3_breakout_bar"":{""value"":1.557275840688282,""score"":70.48505604588547},""V4_base_dryup"":{""value"":1.719569985500389,""score"":0},""V5_bo_expansion"":{""value"":1.1214439166782328,""score"":8.09626111188219},""_score"":38.22},""readiness"":{""_distance_atr"":0.077,""BR1_atr_distance"":{""score"":94.88784559207093},""BR2_compression"":{""score"":44.440308180549614},""BR3_retest"":{""score"":50.0},""BR4_bo_age"":{""score"":50.0},""_score"":66.57},""risk"":{""R1_stop_clarity"":{""score"":0},""R2_stop_distance_pct"":{""value"":4.575799546713679,""score"":100.0},""R3_stop_distance_atr"":{""value"":1.99050860719875,""score"":100.0},""R4_rr_potential"":{""value"":0.7594727718004464,""score"":0.0},""_score"":45.0},""market"":{""M1_spy_regime"":{""score"":100.0},""M3_earnings_risk"":{""value"":null,""score"":80.0},""M4_vix"":{""value"":null,""score"":60.0},""_score"":84.0},""liquidity"":{""L1_price"":{""value"":39.71,""score"":100.0},""L2_dollar_vol"":{""value"":94580071.15627499,""score"":98.78998182081004},""L3_spread_proxy"":{""value"":0.018383278771090326,""score"":81.61672122890968},""L4_volume_zscore"":{""value"":0.5034971478241909,""score"":100.0},""_score"":97.68},""pattern_structure"":{""left_low"":39.35,""left_idx"":34,""right_low"":38.47,""right_idx"":73,""separation_bars"":39,""structural_low"":38.47,""current_price"":39.615,""neckline_distance_pct"":0.0041650889814464,""base_bars"":39},""pattern_geometry_features"":{""low_similarity_pct"":0.022616294011822222,""bounce_pct"":0.03405250844814147,""right_bottom_reaction"":0.06317119393555118,""atr_pct"":0.022988092240169802},""_schema_version"":""1.0""}",,,,,,,,,,
20260429T042402Z-4f6251,2026-04-29T04:24:02.652419+00:00,MMYT,double_bottom,absent,54.89,33.3,49.5,92.4,50.2,40.0,57.7,59.7,84.0,93.1,5.0,12.39,7.39,7.03,5.2,4.61,3.58,5.04,4.66,False,,46.83,47.65,44.0935,50.535,"{""trend"":{""T1_ema_stack"":{""value"":[true,false,false],""score"":33.33333333333333},""T2_ema50_slope"":{""value"":-0.4459896707447194,""score"":0},""T3_high_proximity"":{""value"":0.7359735973597359,""score"":0},""T4_rs_1m"":{""value"":0.16770254085734115,""score"":100},""T5_rs_3m"":{""value"":-0.2772358965495605,""score"":0},""T6_adr_healthy"":{""value"":5.406237902783355,""score"":100.0},""_score"":33.33},""geometry"":{""sub_low_similarity"":23.5,""sub_bounce_quality"":49.2,""sub_separation_fit"":100.0,""sub_right_bottom_reaction"":77.7,""sub_base_context"":30.0,""_score"":49.55},""compression"":{""VC1_atr_ratio"":{""value"":0.4855857849685227,""score"":100},""VC2_range_contraction"":{""value"":0.5203426893178607,""score"":79.9428851136899},""VC3_range_pct_rank"":{""score"":97.5},""_score"":92.36},""sr_quality"":{""SR1_touches"":{""value"":2,""score"":25.0},""SR2_tightness"":{""value"":0.25500000000000256,""score"":75.8090746462837},""SR3_recency"":{""value"":250,""score"":0.0},""SR4_price_location"":{""score"":65.2647975077881},""SR5_reaction"":{""value"":3.2752615601452804,""score"":100},""_score"":50.19,""_levels_found"":5,""_target_level"":47.945},""volume"":{""V1_rvol_day"":{""value"":0.7391064287311849,""score"":15.940428582078994},""V2_rvol_sameslot"":{""value"":1.1220296459868213,""score"":41.468643065788086,""status"":""ok""},""V3_breakout_bar"":{""value"":1.4351007930091297,""score"":62.34005286727532},""V4_base_dryup"":{""value"":0.8550797838607291,""score"":64.49202161392708},""V5_bo_expansion"":{""value"":0.7391064287311848,""score"":0},""_score"":39.97},""readiness"":{""_distance_atr"":0.389,""BR1_atr_distance"":{""score"":74.069857790788},""BR2_compression"":{""score"":42.14621759100483},""BR3_retest"":{""score"":50.0},""BR4_bo_age"":{""score"":50.0},""_score"":57.66},""risk"":{""R1_stop_clarity"":{""score"":36.299601561229366},""R2_stop_distance_pct"":{""value"":5.843423019431985,""score"":100.0},""R3_stop_distance_atr"":{""value"":1.297997303084512,""score"":89.8998651542256},""R4_rr_potential"":{""value"":1.3539316090956433,""score"":17.69658045478216},""_score"":59.73},""market"":{""M1_spy_regime"":{""score"":100.0},""M3_earnings_risk"":{""value"":null,""score"":80.0},""M4_vix"":{""value"":null,""score"":60.0},""_score"":84.0},""liquidity"":{""L1_price"":{""value"":46.83,""score"":100.0},""L2_dollar_vol"":{""value"":54161558.01689094,""score"":86.68455744080252},""L3_spread_proxy"":{""value"":0.015588298099508947,""score"":84.41170190049105},""L4_volume_zscore"":{""value"":-0.6436775884537917,""score"":100.0},""_score"":93.11},""pattern_structure"":{""left_low"":44.765,""left_idx"":56,""right_low"":46.51,""right_idx"":75,""separation_bars"":19,""structural_low"":44.765,""current_price"":46.745,""neckline_distance_pct"":0.019360359396726947,""base_bars"":19},""pattern_geometry_features"":{""low_similarity_pct"":0.038236099698712625,""bounce_pct"":0.06444767117167426,""right_bottom_reaction"":0.77669902912621,""atr_pct"":0.045018760867575724},""_schema_version"":""1.0""}",,,,,,,,,,
20260429T042402Z-4f6251,2026-04-29T04:24:02.652419+00:00,PGY,double_bottom,forming,54.85,39.4,65.7,72.1,41.8,21.2,59.3,66.5,84.0,87.2,5.91,16.42,5.77,5.86,2.76,4.75,3.99,5.04,4.36,False,,13.47,13.83,12.9232,14.54,"{""trend"":{""T1_ema_stack"":{""value"":[true,false,false],""score"":33.33333333333333},""T2_ema50_slope"":{""value"":-0.11864437089133555,""score"":30.22593818477741},""T3_high_proximity"":{""value"":0.639297579496915,""score"":0},""T4_rs_1m"":{""value"":0.08352858020417475,""score"":100},""T5_rs_3m"":{""value"":-0.37476139429530264,""score"":0},""T6_adr_healthy"":{""value"":5.811511668291958,""score"":100.0},""_score"":39.38},""geometry"":{""sub_low_similarity"":90.9,""sub_bounce_quality"":34.5,""sub_separation_fit"":100.0,""sub_right_bottom_reaction"":70.0,""sub_base_context"":30.0,""_score"":65.67},""compression"":{""VC1_atr_ratio"":{""value"":0.4972720447738472,""score"":100},""VC2_range_contraction"":{""value"":0.8387942517138629,""score"":26.867624714356186},""VC3_range_pct_rank"":{""score"":90.83333333333333},""_score"":72.11},""sr_quality"":{""SR1_touches"":{""value"":3,""score"":50.0},""SR2_tightness"":{""value"":0.18660713336371265,""score"":54.50508729639216},""SR3_recency"":{""value"":289,""score"":0.0},""SR4_price_location"":{""score"":14.626744891766135},""SR5_reaction"":{""value"":4.683001300269342,""score"":100},""_score"":41.83,""_levels_found"":5,""_target_level"":20.5033},""volume"":{""V1_rvol_day"":{""value"":0.8243073074016244,""score"":21.620487160108294},""V2_rvol_sameslot"":{""value"":0.7297275538299746,""score"":15.315170255331637,""status"":""ok""},""V3_breakout_bar"":{""value"":0.7526130234653942,""score"":16.840868231026278},""V4_base_dryup"":{""value"":1.0181316400329876,""score"":48.18683599670124},""V5_bo_expansion"":{""value"":0.8243073074016244,""score"":0},""_score"":21.23},""readiness"":{""_distance_atr"":0.439,""BR1_atr_distance"":{""score"":70.74393981610481},""BR2_compression"":{""score"":54.10219504085356},""BR3_retest"":{""score"":50.0},""BR4_bo_age"":{""score"":50.0},""_score"":59.32},""risk"":{""R1_stop_clarity"":{""score"":52.02006129841191},""R2_stop_distance_pct"":{""value"":4.059391239792139,""score"":100.0},""R3_stop_distance_atr"":{""value"":0.6665505711897477,""score"":58.327528559487384},""R4_rr_potential"":{""value"":1.956839795171906,""score"":47.841989758595304},""_score"":66.52},""market"":{""M1_spy_regime"":{""score"":100.0},""M3_earnings_risk"":{""value"":null,""score"":80.0},""M4_vix"":{""value"":null,""score"":60.0},""_score"":84.0},""liquidity"":{""L1_price"":{""value"":13.47,""score"":100.0},""L2_dollar_vol"":{""value"":34660565.221646644,""score"":76.99178203118673},""L3_spread_proxy"":{""value"":0.03554565701559031,""score"":64.45434298440969},""L4_volume_zscore"":{""value"":-0.5588348405321667,""score"":100.0},""_score"":87.24},""pattern_structure"":{""left_low"":13.18,""left_idx"":60,""right_low"":13.12,""right_idx"":74,""separation_bars"":14,""structural_low"":13.12,""current_price"":13.33,""neckline_distance_pct"":0.037509377344336084,""base_bars"":14},""pattern_geometry_features"":{""low_similarity_pct"":0.00456273764258559,""bounce_pct"":0.054115853658536654,""right_bottom_reaction"":0.6996658312447783,""atr_pct"":0.060901474175416276},""_schema_version"":""1.0""}",,,,,,,,,,
20260429T042402Z-4f6251,2026-04-29T04:24:02.652419+00:00,HQY,inverse_head_shoulders,forming,54.7,38.2,67.5,34.9,59.9,25.0,43.6,70.9,84.0,92.0,4.59,18.89,2.79,8.38,3.5,3.49,4.25,4.2,4.6,False,,81.18,85.3,76.3079,93.13,"{""trend"":{""T1_ema_stack"":{""value"":[false,true,false],""score"":33.33333333333333},""T2_ema50_slope"":{""value"":0.026600854997287288,""score"":54.433475832881214},""T3_high_proximity"":{""value"":0.9323532789709431,""score"":66.17663948547154},""T4_rs_1m"":{""value"":-0.1384993620424828,""score"":0},""T5_rs_3m"":{""value"":-0.04545626430069705,""score"":27.27186784965148},""T6_adr_healthy"":{""value"":4.131836738845316,""score"":100.0},""_score"":38.24},""geometry"":{""sub_head_depth"":68.1,""sub_shoulder_price_sym"":78.0,""sub_shoulder_time_sym"":42.9,""sub_right_shoulder_reaction"":97.6,""sub_base_context"":30.0,""_score"":67.47},""compression"":{""VC1_atr_ratio"":{""value"":0.6906707408744723,""score"":77.33231478138191},""VC2_range_contraction"":{""value"":1.116381069354449,""score"":0},""VC3_range_pct_rank"":{""score"":15.833333333333332},""_score"":34.89},""sr_quality"":{""SR1_touches"":{""value"":6,""score"":100},""SR2_tightness"":{""value"":0.9883646004047968,""score"":45.41996017794621},""SR3_recency"":{""value"":237,""score"":0.0},""SR4_price_location"":{""score"":34.52262966633648},""SR5_reaction"":{""value"":1.9219251379085243,""score"":96.09625689542621},""_score"":59.86,""_levels_found"":6,""_target_level"":83.6575},""volume"":{""V1_rvol_day"":{""value"":0.8850514956540965,""score"":25.6700997102731},""V2_rvol_sameslot"":{""value"":0.7606180430339565,""score"":17.37453620226377,""status"":""ok""},""V3_breakout_bar"":{""value"":0.9439709713663708,""score"":29.598064757758053},""V4_base_dryup"":{""value"":1.0487478472378846,""score"":45.12521527621154},""V5_bo_expansion"":{""value"":0.8850514956540967,""score"":0},""_score"":25.03},""readiness"":{""_distance_atr"":1.138,""BR1_atr_distance"":{""score"":24.160994847865197},""BR2_compression"":{""score"":65.89903512101485},""BR3_retest"":{""score"":50.0},""BR4_bo_age"":{""score"":50.0},""_score"":43.64},""risk"":{""R1_stop_clarity"":{""score"":35.8286049002143},""R2_stop_distance_pct"":{""value"":6.001539788125173,""score"":100.0},""R3_stop_distance_atr"":{""value"":1.3452357708184237,""score"":92.26178854092119},""R4_rr_potential"":{""value"":2.4527662893443107,""score"":72.63831446721554},""_score"":70.91},""market"":{""M1_spy_regime"":{""score"":100.0},""M3_earnings_risk"":{""value"":null,""score"":80.0},""M4_vix"":{""value"":null,""score"":60.0},""_score"":84.0},""liquidity"":{""L1_price"":{""value"":81.18,""score"":100.0},""L2_dollar_vol"":{""value"":70164906.86750886,""score"":92.30599765456246},""L3_spread_proxy"":{""value"":0.04915003695491494,""score"":50.84996304508506},""L4_volume_zscore"":{""value"":-0.5701392344817563,""score"":100.0},""_score"":92.01},""pattern_structure"":{""left_shoulder"":82.1,""left_shoulder_idx"":72,""head"":77.47,""head_idx"":82,""right_shoulder"":80.67,""right_shoulder_idx"":96,""left_to_head_bars"":10,""head_to_right_bars"":14,""structural_low"":77.47,""current_price"":81.265,""neckline_distance_pct"":0.04965237186980861,""base_bars"":24},""pattern_geometry_features"":{""head_depth_pct"":0.048104687595994254,""shoulder_price_asymmetry"":0.017570805430976135,""shoulder_time_asymmetry"":0.2857142857142857,""right_shoulder_reaction"":0.9757281553398003,""atr_pct"":0.04461329321085415},""_schema_version"":""1.0""}",,,,,,,,,,
20260429T042402Z-4f6251,2026-04-29T04:24:02.652419+00:00,FROG,inverse_head_shoulders,forming,54.6,19.7,67.3,64.7,43.9,36.5,47.4,71.3,84.0,94.0,2.37,18.84,5.17,6.14,5.11,3.79,4.28,4.2,4.7,False,,45.5,47.55,42.286,52.17,"{""trend"":{""T1_ema_stack"":{""value"":[true,false,false],""score"":33.33333333333333},""T2_ema50_slope"":{""value"":-0.10775233330457387,""score"":32.04127778257102},""T3_high_proximity"":{""value"":0.7573866000832292,""score"":0},""T4_rs_1m"":{""value"":-0.0724204868329481,""score"":0},""T5_rs_3m"":{""value"":-0.25432216795376483,""score"":0},""T6_adr_healthy"":{""value"":5.997717671148668,""score"":100.0},""_score"":19.74},""geometry"":{""sub_head_depth"":71.8,""sub_shoulder_price_sym"":72.1,""sub_shoulder_time_sym"":50.0,""sub_right_shoulder_reaction"":96.4,""sub_base_context"":30.0,""_score"":67.27},""compression"":{""VC1_atr_ratio"":{""value"":0.3388719803335107,""score"":100},""VC2_range_contraction"":{""value"":0.7379994749094925,""score"":43.66675418175126},""VC3_range_pct_rank"":{""score"":37.5},""_score"":64.66},""sr_quality"":{""SR1_touches"":{""value"":2,""score"":25.0},""SR2_tightness"":{""value"":0.07750000000000057,""score"":93.96047870860002},""SR3_recency"":{""value"":235,""score"":0.0},""SR4_price_location"":{""score"":29.0331491712707},""SR5_reaction"":{""value"":5.590453659894241,""score"":100},""_score"":43.85,""_levels_found"":6,""_target_level"":51.9225},""volume"":{""V1_rvol_day"":{""value"":1.1216077864895468,""score"":41.440519099303124},""V2_rvol_sameslot"":{""value"":0.8567166498309202,""score"":23.781109988728012,""status"":""ok""},""V3_breakout_bar"":{""value"":0.8605569033476844,""score"":24.037126889845627},""V4_base_dryup"":{""value"":0.6877004065898007,""score"":81.22995934101993},""V5_bo_expansion"":{""value"":1.121607786489547,""score"":8.107185765969804},""_score"":36.52},""readiness"":{""_distance_atr"":0.799,""BR1_atr_distance"":{""score"":46.74830689303281},""BR2_compression"":{""score"":44.71921872500986},""BR3_retest"":{""score"":50.0},""BR4_bo_age"":{""score"":50.0},""_score"":47.38},""risk"":{""R1_stop_clarity"":{""score"":49.8174227664901},""R2_stop_distance_pct"":{""value"":7.063626373626383,""score"":100.0},""R3_stop_distance_atr"":{""value"":1.2523044809351536,""score"":87.61522404675767},""R4_rr_potential"":{""value"":2.075327867577276,""score"":53.766393378863796},""_score"":71.33},""market"":{""M1_spy_regime"":{""score"":100.0},""M3_earnings_risk"":{""value"":null,""score"":80.0},""M4_vix"":{""value"":null,""score"":60.0},""_score"":84.0},""liquidity"":{""L1_price"":{""value"":45.5,""score"":100.0},""L2_dollar_vol"":{""value"":127136492.06949599,""score"":100.0},""L3_spread_proxy"":{""value"":0.05999999999999993,""score"":40.00000000000007},""L4_volume_zscore"":{""value"":0.26196470575338004,""score"":100.0},""_score"":94.0},""pattern_structure"":{""left_shoulder"":45.78,""left_shoulder_idx"":68,""head"":42.93,""head_idx"":80,""right_shoulder"":44.77,""right_shoulder_idx"":96,""left_to_head_bars"":12,""head_to_right_bars"":16,""structural_low"":42.93,""current_price"":45.47,""neckline_distance_pct"":0.045744446888058024,""base_bars"":28},""pattern_geometry_features"":{""head_depth_pct"":0.051794588625069145,""shoulder_price_asymmetry"":0.02230811706239642,""shoulder_time_asymmetry"":0.25,""right_shoulder_reaction"":0.9642857142857127,""atr_pct"":0.05640502354788068},""_schema_version"":""1.0""}",,,,,,,,,,
20260429T042402Z-4f6251,2026-04-29T04:24:02.652419+00:00,QBTS,double_bottom,forming,54.46,30.7,66.4,64.0,55.2,7.8,59.0,80.8,84.0,95.6,4.6,16.61,5.12,7.73,1.01,4.72,4.85,5.04,4.78,False,,18.11,18.9897,17.3951,20.3194,"{""trend"":{""T1_ema_stack"":{""value"":[false,false,false],""score"":0.0},""T2_ema50_slope"":{""value"":-0.12974130379441123,""score"":28.376449367598127},""T3_high_proximity"":{""value"":0.7252703243892671,""score"":0},""T4_rs_1m"":{""value"":0.18049759407096833,""score"":100},""T5_rs_3m"":{""value"":-0.2897975879205211,""score"":0},""T6_adr_healthy"":{""value"":7.939837720385036,""score"":100.0},""_score"":30.68},""geometry"":{""sub_low_similarity"":73.0,""sub_bounce_quality"":64.7,""sub_separation_fit"":100.0,""sub_right_bottom_reaction"":70.6,""sub_base_context"":30.0,""_score"":66.43},""compression"":{""VC1_atr_ratio"":{""value"":0.553871268656717,""score"":100},""VC2_range_contraction"":{""value"":1.1875381362678412,""score"":0},""VC3_range_pct_rank"":{""score"":95.83333333333334},""_score"":63.96},""sr_quality"":{""SR1_touches"":{""value"":4,""score"":75.0},""SR2_tightness"":{""value"":0.13567191124178915,""score"":83.72053347002316},""SR3_recency"":{""value"":263,""score"":0.0},""SR4_price_location"":{""score"":20.682446857017226},""SR5_reaction"":{""value"":2.924506106706664,""score"":100},""_score"":55.23,""_levels_found"":5,""_target_level"":21.5022},""volume"":{""V1_rvol_day"":{""value"":0.4980783825748305,""score"":0},""V2_rvol_sameslot"":{""value"":0.62928111626418,""score"":8.61874108427867,""status"":""ok""},""V3_breakout_bar"":{""value"":0.863027732600043,""score"":24.201848840002864},""V4_base_dryup"":{""value"":2.193771234362519,""score"":0},""V5_bo_expansion"":{""value"":0.49807838257483045,""score"":0},""_score"":7.77},""readiness"":{""_distance_atr"":0.528,""BR1_atr_distance"":{""score"":64.81451324905365},""BR2_compression"":{""score"":62.241354949732475},""BR3_retest"":{""score"":50.0},""BR4_bo_age"":{""score"":50.0},""_score"":58.99},""risk"":{""R1_stop_clarity"":{""score"":68.21427040925639},""R2_stop_distance_pct"":{""value"":3.9475427940364445,""score"":100.0},""R3_stop_distance_atr"":{""value"":0.4289093636168846,""score"":46.44546818084423},""R4_rr_potential"":{""value"":3.0905021681354015,""score"":100.0},""_score"":80.84},""market"":{""M1_spy_regime"":{""score"":100.0},""M3_earnings_risk"":{""value"":null,""score"":80.0},""M4_vix"":{""value"":null,""score"":60.0},""_score"":84.0},""liquidity"":{""L1_price"":{""value"":18.11,""score"":100.0},""L2_dollar_vol"":{""value"":289639781.90905493,""score"":100.0},""L3_spread_proxy"":{""value"":0.04362230811706235,""score"":56.37769188293765},""L4_volume_zscore"":{""value"":-0.6828763933926091,""score"":100.0},""_score"":95.64},""pattern_structure"":{""left_low"":17.9,""left_idx"":63,""right_low"":17.66,""right_idx"":75,""separation_bars"":12,""structural_low"":17.66,""current_price"":18.02,""neckline_distance_pct"":0.05381243063263039,""base_bars"":12},""pattern_geometry_features"":{""low_similarity_pct"":0.013498312710911047,""bounce_pct"":0.07529445073612678,""right_bottom_reaction"":0.706349206349208,""atr_pct"":0.09203675948568273},""_schema_version"":""1.0""}",,,,,,,,,,
20260429T042402Z-4f6251,2026-04-29T04:24:02.652419+00:00,EBC,double_bottom,forming,54.25,50.4,62.4,62.9,40.8,23.4,57.9,51.2,84.0,91.4,7.56,15.61,5.03,5.71,3.04,4.63,3.07,5.04,4.57,True,risk_unclear,20.14,20.61,19.0893,21.84,"{""trend"":{""T1_ema_stack"":{""value"":[false,true,true],""score"":66.66666666666666},""T2_ema50_slope"":{""value"":0.14118674261402975,""score"":73.53112376900495},""T3_high_proximity"":{""value"":0.91670459717797,""score"":58.35229858898499},""T4_rs_1m"":{""value"":-0.06293770503325158,""score"":0},""T5_rs_3m"":{""value"":-0.02970634900992908,""score"":35.14682549503546},""T6_adr_healthy"":{""value"":2.2839707775673923,""score"":100.0},""_score"":50.4},""geometry"":{""sub_low_similarity"":16.6,""sub_bounce_quality"":47.8,""sub_separation_fit"":100.0,""sub_right_bottom_reaction"":85.9,""sub_base_context"":100.0,""_score"":62.42},""compression"":{""VC1_atr_ratio"":{""value"":0.4433399834330864,""score"":100},""VC2_range_contraction"":{""value"":1.1293030595098443,""score"":0},""VC3_range_pct_rank"":{""score"":91.66666666666666},""_score"":62.92},""sr_quality"":{""SR1_touches"":{""value"":3,""score"":50.0},""SR2_tightness"":{""value"":0.07363574011458156,""score"":71.04212467404099},""SR3_recency"":{""value"":234,""score"":0.0},""SR4_price_location"":{""score"":7.41079597438272},""SR5_reaction"":{""value"":1.7696629213483128,""score"":88.48314606741565},""_score"":40.78,""_levels_found"":6,""_target_level"":20.9833},""volume"":{""V1_rvol_day"":{""value"":0.8852848103079417,""score"":25.685654020529448},""V2_rvol_sameslot"":{""value"":1.1032245578640971,""score"":40.21497052427314,""status"":""ok""},""V3_breakout_bar"":{""value"":1.1101204673765819,""score"":40.67469782510546},""V4_base_dryup"":{""value"":1.8128679215739185,""score"":0},""V5_bo_expansion"":{""value"":0.8852848103079417,""score"":0},""_score"":23.35},""readiness"":{""_distance_atr"":0.924,""BR1_atr_distance"":{""score"":38.389513108614416},""BR2_compression"":{""score"":100},""BR3_retest"":{""score"":50.0},""BR4_bo_age"":{""score"":50.0},""_score"":57.86},""risk"":{""R1_stop_clarity"":{""score"":0},""R2_stop_distance_pct"":{""value"":5.216981132075484,""score"":100.0},""R3_stop_distance_atr"":{""value"":2.0659831460674196,""score"":100.0},""R4_rr_potential"":{""value"":1.6179689730655706,""score"":30.898448653278532},""_score"":51.18},""market"":{""M1_spy_regime"":{""score"":100.0},""M3_earnings_risk"":{""value"":null,""score"":80.0},""M4_vix"":{""value"":null,""score"":60.0},""_score"":84.0},""liquidity"":{""L1_price"":{""value"":20.14,""score"":100.0},""L2_dollar_vol"":{""value"":43105397.387414604,""score"":81.72658265978923},""L3_spread_proxy"":{""value"":0.012835153922542102,""score"":87.1648460774579},""L4_volume_zscore"":{""value"":-0.1834198187633667,""score"":100.0},""_score"":91.41},""pattern_structure"":{""left_low"":20.205,""left_idx"":55,""right_low"":19.38,""right_idx"":66,""separation_bars"":11,""structural_low"":19.38,""current_price"":20.105,""neckline_distance_pct"":0.025118129818453072,""base_bars"":11},""pattern_geometry_features"":{""low_similarity_pct"":0.04168245547555889,""bounce_pct"":0.06346749226006194,""right_bottom_reaction"":0.859154929577463,""atr_pct"":0.025251808767201036},""_schema_version"":""1.0""}",,,,,,,,,,
20260429T042402Z-4f6251,2026-04-29T04:24:02.652419+00:00,RBRK,vcp,absent,54.07,40.5,49.0,63.4,73.9,23.3,53.5,53.8,84.0,95.1,6.08,12.26,7.61,8.87,3.02,3.75,2.69,5.04,4.75,False,,54.58,56.4999,49.1332,62.0435,"{""trend"":{""T1_ema_stack"":{""value"":[true,false,false],""score"":33.33333333333333},""T2_ema50_slope"":{""value"":-0.2276563628850834,""score"":12.0572728524861},""T3_high_proximity"":{""value"":0.8637442633328059,""score"":31.872131666402904},""T4_rs_1m"":{""value"":0.07114712124564249,""score"":100},""T5_rs_3m"":{""value"":-0.14664660828834064,""score"":0},""T6_adr_healthy"":{""value"":6.320690259223191,""score"":100.0},""_score"":40.53},""geometry"":{""sub_contraction_count"":100.0,""sub_reduction_rate"":0,""sub_pivot_tightness"":0,""sub_volume_dryup"":60.1,""sub_base_depth"":50.0,""sub_base_duration"":100.0,""_score"":49.02},""compression"":{""VC1_atr_ratio"":{""value"":0.4128921091635656,""score"":100},""VC2_range_contraction"":{""value"":0.7734978519669184,""score"":37.7503580055136},""VC3_range_pct_rank"":{""score"":40.833333333333336},""_score"":63.42},""sr_quality"":{""SR1_touches"":{""value"":5,""score"":100},""SR2_tightness"":{""value"":0.6366444860359662,""score"":63.27873235318111},""SR3_recency"":{""value"":226,""score"":0.0},""SR4_price_location"":{""score"":77.7287335610359},""SR5_reaction"":{""value"":2.2600805039530982,""score"":100},""_score"":73.92,""_levels_found"":6,""_target_level"":55.905},""volume"":{""V1_rvol_day"":{""value"":0.7909933219730817,""score"":19.399554798205447},""V2_rvol_sameslot"":{""value"":0.8247588134004723,""score"":21.650587560031486,""status"":""ok""},""V3_breakout_bar"":{""value"":0.9284979267600404,""score"":28.56652845066936},""V4_base_dryup"":{""value"":1.10458708937311,""score"":39.541291062689},""V5_bo_expansion"":{""value"":0.7909933219730817,""score"":0},""_score"":23.26},""readiness"":{""_distance_atr"":0.554,""BR1_atr_distance"":{""score"":63.087110990259085},""BR2_compression"":{""score"":43.08258576691236},""BR3_retest"":{""score"":50.0},""BR4_bo_age"":{""score"":50.0},""_score"":53.51},""risk"":{""R1_stop_clarity"":{""score"":56.84306673093794},""R2_stop_distance_pct"":{""value"":9.979518138512276,""score"":50.5120465371931},""R3_stop_distance_atr"":{""value"":1.5708466510932304,""score"":100.0},""R4_rr_potential"":{""value"":1.3702488111872955,""score"":18.512440559364773},""_score"":53.75},""market"":{""M1_spy_regime"":{""score"":100.0},""M3_earnings_risk"":{""value"":null,""score"":80.0},""M4_vix"":{""value"":null,""score"":60.0},""_score"":84.0},""liquidity"":{""L1_price"":{""value"":54.58,""score"":100.0},""L2_dollar_vol"":{""value"":148621985.13112444,""score"":100.0},""L3_spread_proxy"":{""value"":0.04928362037376331,""score"":50.71637962623669},""L4_volume_zscore"":{""value"":-0.5470996234492316,""score"":100.0},""_score"":95.07},""pattern_structure"":{""n_contractions"":5,""contractions_pct"":[16.36,8.97,22.76,24.55,11.71],""descending_strict"":false,""final_low"":49.8814,""final_pivot"":56.4999,""structural_low"":49.8814,""dry_up_ratio"":0.6997397334472373,""current_price"":54.58,""neckline_distance_pct"":0.03517588860388418,""base_bars"":43},""pattern_geometry_features"":{""contraction_count"":5.0,""first_contraction_pct"":0.16355435272891292,""last_contraction_pct"":0.11714180025097386,""dry_up_ratio"":0.6997397334472373,""near_monotone"":0.0,""base_depth_pct"":0.10001984663960303},""_schema_version"":""1.0""}",,,,,,,,,,
20260429T042402Z-4f6251,2026-04-29T04:24:02.652419+00:00,INTU,inverse_head_shoulders,forming,54.04,13.3,57.5,72.8,55.1,41.1,49.8,66.0,84.0,98.1,1.6,16.11,5.82,7.72,5.75,3.98,3.96,4.2,4.91,False,,400.38,413.78,368.3457,453.605,"{""trend"":{""T1_ema_stack"":{""value"":[true,false,false],""score"":33.33333333333333},""T2_ema50_slope"":{""value"":-0.5532689790120651,""score"":0},""T3_high_proximity"":{""value"":0.7432337107852236,""score"":0},""T4_rs_1m"":{""value"":-0.16094508311952382,""score"":0},""T5_rs_3m"":{""value"":-0.2891895198233104,""score"":0},""T6_adr_healthy"":{""value"":4.105081878550483,""score"":100.0},""_score"":13.33},""geometry"":{""sub_head_depth"":71.9,""sub_shoulder_price_sym"":38.2,""sub_shoulder_time_sym"":80.0,""sub_right_shoulder_reaction"":75.9,""sub_base_context"":30.0,""_score"":57.52},""compression"":{""VC1_atr_ratio"":{""value"":0.4333249410350468,""score"":100},""VC2_range_contraction"":{""value"":0.7916923455733832,""score"":34.71794240443614},""VC3_range_pct_rank"":{""score"":82.5},""_score"":72.78},""sr_quality"":{""SR1_touches"":{""value"":3,""score"":50.0},""SR2_tightness"":{""value"":4.151197658775388,""score"":56.34319580560715},""SR3_recency"":{""value"":226,""score"":0.0},""SR4_price_location"":{""score"":66.71491707735761},""SR5_reaction"":{""value"":2.128661274616224,""score"":100},""_score"":55.13,""_levels_found"":9,""_target_level"":413.2034},""volume"":{""V1_rvol_day"":{""value"":0.6521842563934007,""score"":10.145617092893382},""V2_rvol_sameslot"":{""value"":0.9772058554590616,""score"":31.813723697270774,""status"":""ok""},""V3_breakout_bar"":{""value"":1.8673659833366858,""score"":91.15773222244572},""V4_base_dryup"":{""value"":1.0054117953759998,""score"":49.45882046240002},""V5_bo_expansion"":{""value"":0.6521842563934007,""score"":0},""_score"":41.07},""readiness"":{""_distance_atr"":0.705,""BR1_atr_distance"":{""score"":53.025510202804156},""BR2_compression"":{""score"":44.35152983029202},""BR3_retest"":{""score"":50.0},""BR4_bo_age"":{""score"":50.0},""_score"":49.8},""risk"":{""R1_stop_clarity"":{""score"":41.00854179515151},""R2_stop_distance_pct"":{""value"":8.000980318697245,""score"":99.97549203256888},""R3_stop_distance_atr"":{""value"":1.6844732159021187,""score"":100.0},""R4_rr_potential"":{""value"":1.6614990326782264,""score"":33.07495163391132},""_score"":65.96},""market"":{""M1_spy_regime"":{""score"":100.0},""M3_earnings_risk"":{""value"":null,""score"":80.0},""M4_vix"":{""value"":null,""score"":60.0},""_score"":84.0},""liquidity"":{""L1_price"":{""value"":400.38,""score"":100.0},""L2_dollar_vol"":{""value"":890879456.387952,""score"":100.0},""L3_spread_proxy"":{""value"":0.019006943403766314,""score"":80.99305659623369},""L4_volume_zscore"":{""value"":-0.7511435308076502,""score"":100.0},""_score"":98.1},""pattern_structure"":{""left_shoulder"":404.16,""left_shoulder_idx"":69,""head"":373.955,""head_idx"":79,""right_shoulder"":384.675,""right_shoulder_idx"":88,""left_to_head_bars"":10,""head_to_right_bars"":9,""structural_low"":373.955,""current_price"":401.755,""neckline_distance_pct"":0.029931176961083193,""base_bars"":19},""pattern_geometry_features"":{""head_depth_pct"":0.05188030449967365,""shoulder_price_asymmetry"":0.04940196619064827,""shoulder_time_asymmetry"":0.1,""right_shoulder_reaction"":0.7593433461404125,""atr_pct"":0.047498412222674154},""_schema_version"":""1.0""}",,,,,,,,,,
20260429T042402Z-4f6251,2026-04-29T04:24:02.652419+00:00,JOYY,double_bottom,forming,54.04,27.1,65.3,48.1,61.1,46.1,30.4,59.8,84.0,83.9,4.06,16.32,3.85,8.56,6.0,2.43,3.59,5.04,4.2,True,risk_unclear,57.53,59.96,56.1548,62.91,"{""trend"":{""T1_ema_stack"":{""value"":[false,false,true],""score"":33.33333333333333},""T2_ema50_slope"":{""value"":-0.015102861780212187,""score"":47.48285636996464},""T3_high_proximity"":{""value"":0.8562286054472392,""score"":28.114302723619588},""T4_rs_1m"":{""value"":-0.10270622925817396,""score"":0},""T5_rs_3m"":{""value"":-0.18423510182627112,""score"":0},""T6_adr_healthy"":{""value"":2.551949442244027,""score"":100.0},""_score"":27.05},""geometry"":{""sub_low_similarity"":95.4,""sub_bounce_quality"":31.1,""sub_separation_fit"":100.0,""sub_right_bottom_reaction"":63.0,""sub_base_context"":30.0,""_score"":65.29},""compression"":{""VC1_atr_ratio"":{""value"":0.4766377768397141,""score"":100},""VC2_range_contraction"":{""value"":1.0674423363655987,""score"":0},""VC3_range_pct_rank"":{""score"":32.49999999999999},""_score"":48.12},""sr_quality"":{""SR1_touches"":{""value"":2,""score"":25.0},""SR2_tightness"":{""value"":0.03119999999999834,""score"":96.33824306085343},""SR3_recency"":{""value"":176,""score"":0.0},""SR4_price_location"":{""score"":96.67625439437538},""SR5_reaction"":{""value"":3.641981104395277,""score"":100},""_score"":61.12,""_levels_found"":8,""_target_level"":57.5612},""volume"":{""V1_rvol_day"":{""value"":1.4164706865931758,""score"":61.098045772878386},""V2_rvol_sameslot"":{""value"":1.0524482738268883,""score"":36.829884921792555,""status"":""ok""},""V3_breakout_bar"":{""value"":0.8440526844287559,""score"":22.936845628583725},""V4_base_dryup"":{""value"":0.6678431730587788,""score"":83.21568269412211},""V5_bo_expansion"":{""value"":1.4164706865931758,""score"":27.764712439545054},""_score"":46.13},""readiness"":{""_distance_atr"":1.426,""BR1_atr_distance"":{""score"":4.935156387536068},""BR2_compression"":{""score"":43.650983124055834},""BR3_retest"":{""score"":50.0},""BR4_bo_age"":{""score"":50.0},""_score"":30.39},""risk"":{""R1_stop_clarity"":{""score"":0},""R2_stop_distance_pct"":{""value"":2.390318094907014,""score"":100.0},""R3_stop_distance_atr"":{""value"":0.806965553664693,""score"":65.34827768323466},""R4_rr_potential"":{""value"":3.9123004763116627,""score"":100.0},""_score"":59.8},""market"":{""M1_spy_regime"":{""score"":100.0},""M3_earnings_risk"":{""value"":null,""score"":80.0},""M4_vix"":{""value"":null,""score"":60.0},""_score"":84.0},""liquidity"":{""L1_price"":{""value"":57.53,""score"":100.0},""L2_dollar_vol"":{""value"":22346866.06414152,""score"":67.46083130296654},""L3_spread_proxy"":{""value"":0.030766556579176135,""score"":69.23344342082386},""L4_volume_zscore"":{""value"":1.0761246813906353,""score"":100.0},""_score"":83.91},""pattern_structure"":{""left_low"":57.14,""left_idx"":60,""right_low"":57.01,""right_idx"":75,""separation_bars"":15,""structural_low"":57.01,""current_price"":57.435,""neckline_distance_pct"":0.04396274048924869,""base_bars"":15},""pattern_geometry_features"":{""low_similarity_pct"":0.002277704774419668,""bounce_pct"":0.05174530784072975,""right_bottom_reaction"":0.6299212598425123,""atr_pct"":0.02962106726925086},""_schema_version"":""1.0""}",,,,,,,,,,
20260429T042402Z-4f6251,2026-04-29T04:24:02.652419+00:00,JOYY,vcp,forming,54.01,27.1,66.7,48.1,61.1,41.1,34.7,63.5,84.0,83.9,4.06,16.67,5.77,7.33,5.34,2.43,3.17,5.04,4.2,True,risk_unclear,57.53,59.685,55.4013,74.1,"{""trend"":{""T1_ema_stack"":{""value"":[false,false,true],""score"":33.33333333333333},""T2_ema50_slope"":{""value"":-0.015102861780212187,""score"":47.48285636996464},""T3_high_proximity"":{""value"":0.8562286054472392,""score"":28.114302723619588},""T4_rs_1m"":{""value"":-0.10270622925817396,""score"":0},""T5_rs_3m"":{""value"":-0.18423510182627112,""score"":0},""T6_adr_healthy"":{""value"":2.551949442244027,""score"":100.0},""_score"":27.05},""geometry"":{""sub_contraction_count"":100.0,""sub_reduction_rate"":30.3,""sub_pivot_tightness"":60.6,""sub_volume_dryup"":33.5,""sub_base_depth"":100.0,""sub_base_duration"":100.0,""_score"":66.69},""compression"":{""VC1_atr_ratio"":{""value"":0.4766377768397141,""score"":100},""VC2_range_contraction"":{""value"":1.0674423363655987,""score"":0},""VC3_range_pct_rank"":{""score"":32.49999999999999},""_score"":48.12},""sr_quality"":{""SR1_touches"":{""value"":2,""score"":25.0},""SR2_tightness"":{""value"":0.03119999999999834,""score"":96.33824306085343},""SR3_recency"":{""value"":176,""score"":0.0},""SR4_price_location"":{""score"":96.67625439437538},""SR5_reaction"":{""value"":3.641981104395277,""score"":100},""_score"":61.12,""_levels_found"":8,""_target_level"":57.5612},""volume"":{""V1_rvol_day"":{""value"":1.4164706865931758,""score"":61.098045772878386},""V2_rvol_sameslot"":{""value"":1.0524482738268883,""score"":36.829884921792555,""status"":""ok""},""V3_breakout_bar"":{""value"":0.8440526844287559,""score"":22.936845628583725},""V4_base_dryup"":{""value"":0.9212200081749604,""score"":57.877999182503956},""V5_bo_expansion"":{""value"":1.4164706865931758,""score"":27.764712439545054},""_score"":41.06},""readiness"":{""_distance_atr"":1.265,""BR1_atr_distance"":{""score"":15.693523463020611},""BR2_compression"":{""score"":43.650983124055834},""BR3_retest"":{""score"":50.0},""BR4_bo_age"":{""score"":50.0},""_score"":34.69},""risk"":{""R1_stop_clarity"":{""score"":0.9829235373514962},""R2_stop_distance_pct"":{""value"":3.700112984529812,""score"":100.0},""R3_stop_distance_atr"":{""value"":1.2491491109676656,""score"":87.45745554838328},""R4_rr_potential"":{""value"":7.784184997709835,""score"":100.0},""_score"":63.46},""market"":{""M1_spy_regime"":{""score"":100.0},""M3_earnings_risk"":{""value"":null,""score"":80.0},""M4_vix"":{""value"":null,""score"":60.0},""_score"":84.0},""liquidity"":{""L1_price"":{""value"":57.53,""score"":100.0},""L2_dollar_vol"":{""value"":22346866.06414152,""score"":67.46083130296654},""L3_spread_proxy"":{""value"":0.030766556579176135,""score"":69.23344342082386},""L4_volume_zscore"":{""value"":1.0761246813906353,""score"":100.0},""_score"":83.91},""pattern_structure"":{""n_contractions"":5,""contractions_pct"":[13.9,8.54,9.91,10.72,5.76],""descending_strict"":false,""final_low"":56.245,""final_pivot"":59.685,""structural_low"":56.245,""dry_up_ratio"":0.8326128133181665,""current_price"":57.53,""neckline_distance_pct"":0.037458717191030784,""base_bars"":44},""pattern_geometry_features"":{""contraction_count"":5.0,""first_contraction_pct"":0.1389753750353806,""last_contraction_pct"":0.05763592192343143,""dry_up_ratio"":0.8326128133181665,""near_monotone"":0.0,""base_depth_pct"":0.20400509482026605},""_schema_version"":""1.0""}",,,,,,,,,,
20260429T042402Z-4f6251,2026-04-29T04:24:02.652419+00:00,FTAI,double_bottom,invalidated,53.96,22.8,57.9,45.2,66.5,71.4,35.0,29.0,84.0,85.8,3.42,14.46,3.62,9.3,9.29,2.8,1.74,5.04,4.29,False,,216.0,243.91,223.4669,260.95,"{""trend"":{""T1_ema_stack"":{""value"":[false,false,true],""score"":33.33333333333333},""T2_ema50_slope"":{""value"":-0.01607392329262016,""score"":47.32101278456331},""T3_high_proximity"":{""value"":0.6966842988001548,""score"":0},""T4_rs_1m"":{""value"":-0.2188412432336545,""score"":0},""T5_rs_3m"":{""value"":-0.2573354833558339,""score"":0},""T6_adr_healthy"":{""value"":5.520498794507113,""score"":100.0},""_score"":22.8},""geometry"":{""sub_low_similarity"":33.8,""sub_bounce_quality"":64.4,""sub_separation_fit"":100.0,""sub_right_bottom_reaction"":92.2,""sub_base_context"":30.0,""_score"":57.85},""compression"":{""VC1_atr_ratio"":{""value"":0.5538700348696209,""score"":100},""VC2_range_contraction"":{""value"":1.2924836067339895,""score"":0},""VC3_range_pct_rank"":{""score"":20.833333333333336},""_score"":45.21},""sr_quality"":{""SR1_touches"":{""value"":4,""score"":75.0},""SR2_tightness"":{""value"":3.550615709986085,""score"":52.415208276781364},""SR3_recency"":{""value"":225,""score"":0.0},""SR4_price_location"":{""score"":87.10432850815752},""SR5_reaction"":{""value"":1.910023860065621,""score"":95.50119300328105},""_score"":66.46,""_levels_found"":4,""_target_level"":223.2908},""volume"":{""V1_rvol_day"":{""value"":1.8625358807832393,""score"":90.83572538554928},""V2_rvol_sameslot"":{""value"":2.4214444211267083,""score"":100,""status"":""ok""},""V3_breakout_bar"":{""value"":1.3151912400640804,""score"":54.34608267093869},""V4_base_dryup"":{""value"":0.9473508393628096,""score"":55.26491606371904},""V5_bo_expansion"":{""value"":1.8625358807832388,""score"":57.502392052215924},""_score"":71.43},""readiness"":{""_distance_atr"":1.87,""BR1_atr_distance"":{""score"":0},""BR2_compression"":{""score"":69.81480240863152},""BR3_retest"":{""score"":50.0},""BR4_bo_age"":{""score"":50.0},""_score"":34.95},""risk"":{""R1_stop_clarity"":{""score"":54.3928606471653},""R2_stop_distance_pct"":{""value"":-3.4569212962962945,""score"":0.0},""R3_stop_distance_atr"":{""value"":-0.5003544308644425,""score"":0.0},""R4_rr_potential"":{""value"":null,""score"":50.0},""_score"":29.04},""market"":{""M1_spy_regime"":{""score"":100.0},""M3_earnings_risk"":{""value"":null,""score"":80.0},""M4_vix"":{""value"":null,""score"":60.0},""_score"":84.0},""liquidity"":{""L1_price"":{""value"":216.0,""score"":100.0},""L2_dollar_vol"":{""value"":501992530.278048,""score"":100.0},""L3_spread_proxy"":{""value"":0.06743055555555555,""score"":32.56944444444446},""L4_volume_zscore"":{""value"":2.4919855788139174,""score"":70.0},""_score"":85.76},""pattern_structure"":{""left_low"":234.5,""left_idx"":46,""right_low"":226.87,""right_idx"":60,""separation_bars"":14,""structural_low"":226.87,""current_price"":216.28,""neckline_distance_pct"":0.12775106343628628,""base_bars"":14},""pattern_geometry_features"":{""low_similarity_pct"":0.033075405856470924,""bounce_pct"":0.07510909331335122,""right_bottom_reaction"":0.9216281895504274,""atr_pct"":0.06908945105820107},""_schema_version"":""1.0""}",,,,,,,,,,
20260429T042402Z-4f6251,2026-04-29T04:24:02.652419+00:00,AGYS,breakout_retest_hold,forming,53.91,5.0,65.3,58.7,56.0,20.6,87.4,51.4,84.0,76.8,0.7,14.36,3.52,7.85,2.68,15.73,2.57,4.2,2.3,False,,66.49,66.55,65.5281,67.27,"{""trend"":{""T1_ema_stack"":{""value"":[false,false,false],""score"":0.0},""T2_ema50_slope"":{""value"":-0.6416529193152151,""score"":0},""T3_high_proximity"":{""value"":0.744985994397759,""score"":0},""T4_rs_1m"":{""value"":-0.17751723607145464,""score"":0},""T5_rs_3m"":{""value"":-0.2915077661757908,""score"":0},""T6_adr_healthy"":{""value"":4.724871785558253,""score"":100.0},""_score"":5.0},""geometry"":{""sub_retest_depth"":100.0,""sub_retest_timing"":20.0,""sub_retest_freshness"":75.0,""sub_hold_quality"":54.3,""_score"":65.29},""compression"":{""VC1_atr_ratio"":{""value"":0.39396843369905193,""score"":100},""VC2_range_contraction"":{""value"":0.9371252418353023,""score"":10.479126360782946},""VC3_range_pct_rank"":{""score"":60.0},""_score"":58.67},""sr_quality"":{""SR1_touches"":{""value"":3,""score"":50.0},""SR2_tightness"":{""value"":0.7442221890448231,""score"":49.57563624268906},""SR3_recency"":{""value"":242,""score"":0.0},""SR4_price_location"":{""score"":74.44487728866362},""SR5_reaction"":{""value"":2.8682716404884445,""score"":100},""_score"":56.05,""_levels_found"":7,""_target_level"":68.13},""volume"":{""V1_rvol_day"":{""value"":0.5687388135620328,""score"":4.582587570802188},""V2_rvol_sameslot"":{""value"":0.4289837795975736,""score"":0,""status"":""ok""},""V3_breakout_bar"":{""value"":1.2030181824013888,""score"":46.86787882675925},""V4_base_dryup"":{""value"":1.1027425053800133,""score"":39.725749461998674},""V5_bo_expansion"":{""value"":0.5687388135620328,""score"":0},""_score"":20.58},""readiness"":{""_distance_atr"":0.02,""BR1_atr_distance"":{""score"":98.64491103598967},""BR2_compression"":{""score"":98.55679980591907},""BR3_retest"":{""score"":93.90209966195371},""BR4_bo_age"":{""score"":30.0},""_score"":87.38},""risk"":{""R1_stop_clarity"":{""score"":55.15333073607929},""R2_stop_distance_pct"":{""value"":1.4466837118363665,""score"":86.16709279590916},""R3_stop_distance_atr"":{""value"":0.32586501862037426,""score"":41.29325093101871},""R4_rr_potential"":{""value"":0.8108951034411074,""score"":0.0},""_score"":51.35},""market"":{""M1_spy_regime"":{""score"":100.0},""M3_earnings_risk"":{""value"":null,""score"":80.0},""M4_vix"":{""value"":null,""score"":60.0},""_score"":84.0},""liquidity"":{""L1_price"":{""value"":66.49,""score"":100.0},""L2_dollar_vol"":{""value"":10275756.061803209,""score"":50.59068929572233},""L3_spread_proxy"":{""value"":0.034591667919987926,""score"":65.40833208001207},""L4_volume_zscore"":{""value"":-1.1123832284414827,""score"":100.0},""_score"":76.78},""pattern_structure"":{""level"":66.55,""level_idx"":63,""breakout_idx"":67,""bo_peak_idx"":74,""bo_peak_price"":68.49,""retest_idx"":79,""retest_low"":66.19,""structural_low"":66.19,""current_price"":66.42,""neckline_distance_pct"":0.0019572417946401,""base_bars"":16,""bars_since_breakout"":12},""pattern_geometry_features"":{""retest_depth_atr"":0.45783635983757676,""bars_breakout_to_retest"":12.0,""bars_since_retest"":0.0,""current_above_level_atr"":-0.1653297966080083,""bo_peak_excess_pct"":0.029151014274981183,""atr_pct"":0.04439518294910083},""_schema_version"":""1.0""}",,,,,,,,,,
20260429T042402Z-4f6251,2026-04-29T04:24:02.652419+00:00,TTWO,vcp,forming,53.85,38.1,64.0,58.3,60.4,13.9,41.3,65.0,84.0,97.9,5.72,16.01,7.0,7.25,1.81,2.89,3.25,5.04,4.89,True,risk_unclear,213.01,221.22,203.3532,263.32,"{""trend"":{""T1_ema_stack"":{""value"":[true,false,false],""score"":33.33333333333333},""T2_ema50_slope"":{""value"":-0.030893620162469486,""score"":44.851063306255085},""T3_high_proximity"":{""value"":0.8759355210132411,""score"":37.96776050662054},""T4_rs_1m"":{""value"":0.0005573204477036242,""score"":50.557320447703624},""T5_rs_3m"":{""value"":-0.15570576822234394,""score"":0},""T6_adr_healthy"":{""value"":2.6579354379758975,""score"":100.0},""_score"":38.11},""geometry"":{""sub_contraction_count"":100.0,""sub_reduction_rate"":20.6,""sub_pivot_tightness"":47.4,""sub_volume_dryup"":45.2,""sub_base_depth"":100.0,""sub_base_duration"":100.0,""_score"":64.04},""compression"":{""VC1_atr_ratio"":{""value"":0.376401562674273,""score"":100},""VC2_range_contraction"":{""value"":0.9679403273991769,""score"":5.3432787668038495},""VC3_range_pct_rank"":{""score"":65.83333333333333},""_score"":58.33},""sr_quality"":{""SR1_touches"":{""value"":2,""score"":25.0},""SR2_tightness"":{""value"":0.26500000000000057,""score"":91.3084221623521},""SR3_recency"":{""value"":250,""score"":0.0},""SR4_price_location"":{""score"":96.76361713379168},""SR5_reaction"":{""value"":3.843973292725781,""score"":100},""_score"":60.39,""_levels_found"":7,""_target_level"":213.265},""volume"":{""V1_rvol_day"":{""value"":0.6170640334991321,""score"":7.804268899942139},""V2_rvol_sameslot"":{""value"":0.5410702370406846,""score"":2.7380158027123054,""status"":""ok""},""V3_breakout_bar"":{""value"":0.9435455563703963,""score"":29.569703758026417},""V4_base_dryup"":{""value"":1.279751620529411,""score"":22.0248379470589},""V5_bo_expansion"":{""value"":0.617064033499132,""score"":0},""_score"":13.91},""readiness"":{""_distance_atr"":1.346,""BR1_atr_distance"":{""score"":10.241693022529304},""BR2_compression"":{""score"":78.73404312980108},""BR3_retest"":{""score"":50.0},""BR4_bo_age"":{""score"":50.0},""_score"":41.28},""risk"":{""R1_stop_clarity"":{""score"":0},""R2_stop_distance_pct"":{""value"":4.5334726069198705,""score"":100.0},""R3_stop_distance_atr"":{""value"":1.5836300808246482,""score"":100.0},""R4_rr_potential"":{""value"":5.209827322857066,""score"":100.0},""_score"":65.0},""market"":{""M1_spy_regime"":{""score"":100.0},""M3_earnings_risk"":{""value"":null,""score"":80.0},""M4_vix"":{""value"":null,""score"":60.0},""_score"":84.0},""liquidity"":{""L1_price"":{""value"":213.01,""score"":100.0},""L2_dollar_vol"":{""value"":197948793.24483088,""score"":100.0},""L3_spread_proxy"":{""value"":0.02126660720153984,""score"":78.73339279846016},""L4_volume_zscore"":{""value"":-1.8559227064519566,""score"":100.0},""_score"":97.87},""pattern_structure"":{""n_contractions"":5,""contractions_pct"":[23.78,11.65,5.85,11.91,6.68],""descending_strict"":false,""final_low"":206.45,""final_pivot"":221.22,""structural_low"":206.45,""dry_up_ratio"":0.7742154179996377,""current_price"":213.01,""neckline_distance_pct"":0.038542791418243315,""base_bars"":59},""pattern_geometry_features"":{""contraction_count"":5.0,""first_contraction_pct"":0.23777911888955952,""last_contraction_pct"":0.0667661151794594,""dry_up_ratio"":0.7742154179996377,""near_monotone"":0.0,""base_depth_pct"":0.16938241802454243},""_schema_version"":""1.0""}",,,,,,,,,,
20260429T042402Z-4f6251,2026-04-29T04:24:02.652419+00:00,APP,vcp,forming,53.77,38.5,50.6,67.7,56.8,25.0,77.8,38.1,84.0,95.2,5.78,12.65,8.12,6.82,3.25,5.44,1.9,5.04,4.76,False,,449.03,449.48,359.1704,566.84,"{""trend"":{""T1_ema_stack"":{""value"":[true,false,false],""score"":33.33333333333333},""T2_ema50_slope"":{""value"":-0.14372520810225434,""score"":26.045798649624277},""T3_high_proximity"":{""value"":0.7888236947508959,""score"":0},""T4_rs_1m"":{""value"":0.05555798647058485,""score"":100},""T5_rs_3m"":{""value"":-0.1972019742441149,""score"":0},""T6_adr_healthy"":{""value"":5.949980218199724,""score"":100.0},""_score"":38.54},""geometry"":{""sub_contraction_count"":100.0,""sub_reduction_rate"":7.3,""sub_pivot_tightness"":0,""sub_volume_dryup"":25.3,""sub_base_depth"":100.0,""sub_base_duration"":100.0,""_score"":50.62},""compression"":{""VC1_atr_ratio"":{""value"":0.45783284732833207,""score"":100},""VC2_range_contraction"":{""value"":0.803791037620844,""score"":32.70149372985933},""VC3_range_pct_rank"":{""score"":65.0},""_score"":67.7},""sr_quality"":{""SR1_touches"":{""value"":4,""score"":75.0},""SR2_tightness"":{""value"":7.3639166718533735,""score"":42.158113527293516},""SR3_recency"":{""value"":226,""score"":0.0},""SR4_price_location"":{""score"":52.01136635968362},""SR5_reaction"":{""value"":4.176382271555177,""score"":100},""_score"":56.83,""_levels_found"":7,""_target_level"":484.0725},""volume"":{""V1_rvol_day"":{""value"":0.6710644920403953,""score"":11.404299469359687},""V2_rvol_sameslot"":{""value"":0.6232512595634635,""score"":8.216750637564234,""status"":""ok""},""V3_breakout_bar"":{""value"":0.8003665359550091,""score"":20.024435730333938},""V4_base_dryup"":{""value"":0.697291316205132,""score"":80.2708683794868},""V5_bo_expansion"":{""value"":0.6710644920403952,""score"":0},""_score"":24.98},""readiness"":{""_distance_atr"":0.018,""BR1_atr_distance"":{""score"":98.82178420023821},""BR2_compression"":{""score"":82.94239995986382},""BR3_retest"":{""score"":50.0},""BR4_bo_age"":{""score"":50.0},""_score"":77.76},""risk"":{""R1_stop_clarity"":{""score"":57.037539077490585},""R2_stop_distance_pct"":{""value"":20.01193684163642,""score"":0.0},""R3_stop_distance_atr"":{""value"":3.5291333493421067,""score"":100.0},""R4_rr_potential"":{""value"":1.3110452305596738,""score"":15.55226152798369},""_score"":38.07},""market"":{""M1_spy_regime"":{""score"":100.0},""M3_earnings_risk"":{""value"":null,""score"":80.0},""M4_vix"":{""value"":null,""score"":60.0},""_score"":84.0},""liquidity"":{""L1_price"":{""value"":449.03,""score"":100.0},""L2_dollar_vol"":{""value"":1250619800.7692323,""score"":100.0},""L3_spread_proxy"":{""value"":0.0478807652049975,""score"":52.119234795002505},""L4_volume_zscore"":{""value"":-1.3351143373840029,""score"":100.0},""_score"":95.21},""pattern_structure"":{""n_contractions"":5,""contractions_pct"":[25.52,15.71,20.06,22.49,18.88],""descending_strict"":false,""final_low"":364.64,""final_pivot"":449.48,""structural_low"":364.64,""dry_up_ratio"":0.873253055203475,""current_price"":449.03,""neckline_distance_pct"":0.0010021602120126618,""base_bars"":41},""pattern_geometry_features"":{""contraction_count"":5.0,""first_contraction_pct"":0.2551867219917012,""last_contraction_pct"":0.1887514461155113,""dry_up_ratio"":0.873253055203475,""near_monotone"":0.0,""base_depth_pct"":0.24348547717842325},""_schema_version"":""1.0""}",,,,,,,,,,
20260429T042402Z-4f6251,2026-04-29T04:24:02.652419+00:00,ALKT,double_bottom,forming,53.76,9.4,55.5,69.4,45.8,60.6,70.6,60.0,84.0,86.8,1.41,13.88,5.55,6.41,7.88,5.65,3.6,5.04,4.34,False,,16.27,16.51,15.3364,17.45,"{""trend"":{""T1_ema_stack"":{""value"":[false,false,false],""score"":0.0},""T2_ema50_slope"":{""value"":-0.1674150773868101,""score"":22.097487102198315},""T3_high_proximity"":{""value"":0.7260151717983043,""score"":0},""T4_rs_1m"":{""value"":-0.055494857869118785,""score"":0},""T5_rs_3m"":{""value"":-0.2522028827709797,""score"":0},""T6_adr_healthy"":{""value"":4.767571783093542,""score"":100.0},""_score"":9.42},""geometry"":{""sub_low_similarity"":85.3,""sub_bounce_quality"":43.4,""sub_separation_fit"":100.0,""sub_right_bottom_reaction"":1.6,""sub_base_context"":30.0,""_score"":55.51},""compression"":{""VC1_atr_ratio"":{""value"":0.4746186421888162,""score"":100},""VC2_range_contraction"":{""value"":0.8492010952256492,""score"":25.13315079572513},""VC3_range_pct_rank"":{""score"":82.5},""_score"":69.42},""sr_quality"":{""SR1_touches"":{""value"":3,""score"":50.0},""SR2_tightness"":{""value"":0.04109071265707855,""score"":89.94950946575527},""SR3_recency"":{""value"":235,""score"":0.0},""SR4_price_location"":{""score"":9.321273216875067},""SR5_reaction"":{""value"":2.962629721513679,""score"":100},""_score"":45.82,""_levels_found"":6,""_target_level"":17.5833},""volume"":{""V1_rvol_day"":{""value"":1.3476473960225115,""score"":56.50982640150076},""V2_rvol_sameslot"":{""value"":2.0501292357612524,""score"":100,""status"":""ok""},""V3_breakout_bar"":{""value"":1.4729892847568744,""score"":64.86595231712496},""V4_base_dryup"":{""value"":1.0199264711724287,""score"":48.007352882757125},""V5_bo_expansion"":{""value"":1.3476473960225115,""score"":23.176493068167435},""_score"":60.6},""readiness"":{""_distance_atr"":0.294,""BR1_atr_distance"":{""score"":80.43257975470826},""BR2_compression"":{""score"":83.6114899202454},""BR3_retest"":{""score"":50.0},""BR4_bo_age"":{""score"":50.0},""_score"":70.58},""risk"":{""R1_stop_clarity"":{""score"":42.87536252140164},""R2_stop_distance_pct"":{""value"":5.7378610940381085,""score"":100.0},""R3_stop_distance_atr"":{""value"":1.1416978231244976,""score"":82.08489115622488},""R4_rr_potential"":{""value"":1.2639922875046894,""score"":13.19961437523447},""_score"":59.96},""market"":{""M1_spy_regime"":{""score"":100.0},""M3_earnings_risk"":{""value"":null,""score"":80.0},""M4_vix"":{""value"":null,""score"":60.0},""_score"":84.0},""liquidity"":{""L1_price"":{""value"":16.27,""score"":100.0},""L2_dollar_vol"":{""value"":30872800.794803757,""score"":74.47880153330746},""L3_spread_proxy"":{""value"":0.03042409342347864,""score"":69.57590657652136},""L4_volume_zscore"":{""value"":1.3457896542016257,""score"":100.0},""_score"":86.75},""pattern_structure"":{""left_low"":15.57,""left_idx"":60,""right_low"":15.685,""right_idx"":73,""separation_bars"":13,""structural_low"":15.57,""current_price"":16.125,""neckline_distance_pct"":0.02387596899224816,""base_bars"":13},""pattern_geometry_features"":{""low_similarity_pct"":0.007358822588385871,""bounce_pct"":0.060372511239563345,""right_bottom_reaction"":0.016393442622947573,""atr_pct"":0.05025726578277288},""_schema_version"":""1.0""}",,,,,,,,,,
20260429T042402Z-4f6251,2026-04-29T04:24:02.652419+00:00,TTWO,double_bottom,forming,53.46,38.1,58.9,58.3,60.4,23.6,41.3,59.8,84.0,97.9,5.72,14.73,4.67,8.45,3.07,3.3,3.59,5.04,4.89,True,risk_unclear,213.01,221.22,208.0911,231.18,"{""trend"":{""T1_ema_stack"":{""value"":[true,false,false],""score"":33.33333333333333},""T2_ema50_slope"":{""value"":-0.030893620162469486,""score"":44.851063306255085},""T3_high_proximity"":{""value"":0.8759355210132411,""score"":37.96776050662054},""T4_rs_1m"":{""value"":0.0005573204477036242,""score"":50.557320447703624},""T5_rs_3m"":{""value"":-0.15570576822234394,""score"":0},""T6_adr_healthy"":{""value"":2.6579354379758975,""score"":100.0},""_score"":38.11},""geometry"":{""sub_low_similarity"":86.0,""sub_bounce_quality"":24.5,""sub_separation_fit"":13.3,""sub_right_bottom_reaction"":41.4,""sub_base_context"":100.0,""_score"":58.91},""compression"":{""VC1_atr_ratio"":{""value"":0.376401562674273,""score"":100},""VC2_range_contraction"":{""value"":0.9679403273991769,""score"":5.3432787668038495},""VC3_range_pct_rank"":{""score"":65.83333333333333},""_score"":58.33},""sr_quality"":{""SR1_touches"":{""value"":2,""score"":25.0},""SR2_tightness"":{""value"":0.26500000000000057,""score"":91.3084221623521},""SR3_recency"":{""value"":250,""score"":0.0},""SR4_price_location"":{""score"":96.76361713379168},""SR5_reaction"":{""value"":3.843973292725781,""score"":100},""_score"":60.39,""_levels_found"":7,""_target_level"":213.265},""volume"":{""V1_rvol_day"":{""value"":0.6170640334991321,""score"":7.804268899942139},""V2_rvol_sameslot"":{""value"":0.5410702370406846,""score"":2.7380158027123054,""status"":""ok""},""V3_breakout_bar"":{""value"":0.9435455563703963,""score"":29.569703758026417},""V4_base_dryup"":{""value"":0.7924839425620006,""score"":70.75160574379994},""V5_bo_expansion"":{""value"":0.617064033499132,""score"":0},""_score"":23.65},""readiness"":{""_distance_atr"":1.346,""BR1_atr_distance"":{""score"":10.241693022529304},""BR2_compression"":{""score"":78.73404312980108},""BR3_retest"":{""score"":50.0},""BR4_bo_age"":{""score"":50.0},""_score"":41.28},""risk"":{""R1_stop_clarity"":{""score"":0},""R2_stop_distance_pct"":{""value"":2.309234308248443,""score"":100.0},""R3_stop_distance_atr"":{""value"":0.8066604193510614,""score"":65.33302096755307},""R4_rr_potential"":{""value"":3.693915306267659,""score"":100.0},""_score"":59.8},""market"":{""M1_spy_regime"":{""score"":100.0},""M3_earnings_risk"":{""value"":null,""score"":80.0},""M4_vix"":{""value"":null,""score"":60.0},""_score"":84.0},""liquidity"":{""L1_price"":{""value"":213.01,""score"":100.0},""L2_dollar_vol"":{""value"":197948793.24483088,""score"":100.0},""L3_spread_proxy"":{""value"":0.02126660720153984,""score"":78.73339279846016},""L4_volume_zscore"":{""value"":-1.8559227064519566,""score"":100.0},""_score"":97.87},""pattern_structure"":{""left_low"":212.745,""left_idx"":31,""right_low"":211.26,""right_idx"":74,""separation_bars"":43,""structural_low"":211.26,""current_price"":214.095,""neckline_distance_pct"":0.0332796188607861,""base_bars"":43},""pattern_geometry_features"":{""low_similarity_pct"":0.007004634379311629,""bounce_pct"":0.047145697245100864,""right_bottom_reaction"":0.4139072847682118,""atr_pct"":0.02862709329541873},""_schema_version"":""1.0""}",,,,,,,,,,
20260429T042402Z-4f6251,2026-04-29T04:24:02.652419+00:00,BETA,double_bottom,forming,53.46,11.1,52.6,72.0,57.6,51.7,66.0,64.7,84.0,77.7,1.66,13.15,5.76,8.06,6.72,5.28,3.88,5.04,3.89,False,,15.55,15.85,14.6667,16.81,"{""trend"":{""T1_ema_stack"":{""value"":[false,false,false],""score"":0.0},""T2_ema50_slope"":{""value"":-0.4440033808193752,""score"":0},""T3_high_proximity"":{""value"":0.6705476498490729,""score"":0},""T4_rs_1m"":{""value"":-0.019543224338133935,""score"":30.456775661866065},""T5_rs_3m"":{""value"":-0.38179127999932794,""score"":0},""T6_adr_healthy"":{""value"":6.781752185990472,""score"":100.0},""_score"":11.09},""geometry"":{""sub_low_similarity"":39.2,""sub_bounce_quality"":49.2,""sub_separation_fit"":100.0,""sub_right_bottom_reaction"":66.7,""sub_base_context"":30.0,""_score"":52.61},""compression"":{""VC1_atr_ratio"":{""value"":0.4028594434959088,""score"":100},""VC2_range_contraction"":{""value"":0.8657424588065078,""score"":22.376256865582032},""VC3_range_pct_rank"":{""score"":96.66666666666667},""_score"":72.0},""sr_quality"":{""SR1_touches"":{""value"":2,""score"":25.0},""SR2_tightness"":{""value"":0.21000000000000085,""score"":61.34732192159014},""SR3_recency"":{""value"":14,""score"":100.0},""SR4_price_location"":{""score"":46.162341247929355},""SR5_reaction"":{""value"":1.9142278667402897,""score"":95.71139333701448},""_score"":57.6,""_levels_found"":5,""_target_level"":17.5},""volume"":{""V1_rvol_day"":{""value"":0.5573228772550828,""score"":3.8215251503388523},""V2_rvol_sameslot"":{""value"":0.9574369610866773,""score"":30.495797405778486,""status"":""ok""},""V3_breakout_bar"":{""value"":2.259889853578773,""score"":100},""V4_base_dryup"":{""value"":0.5067254762956366,""score"":99.32745237043635},""V5_bo_expansion"":{""value"":0.5573228772550828,""score"":0},""_score"":51.73},""readiness"":{""_distance_atr"":0.276,""BR1_atr_distance"":{""score"":81.59396281980497},""BR2_compression"":{""score"":63.54953054608359},""BR3_retest"":{""score"":50.0},""BR4_bo_age"":{""score"":50.0},""_score"":66.02},""risk"":{""R1_stop_clarity"":{""score"":58.89011595803426},""R2_stop_distance_pct"":{""value"":5.680707395498392,""score"":100.0},""R3_stop_distance_atr"":{""value"":0.8129486471562671,""score"":65.64743235781336},""R4_rr_potential"":{""value"":1.4263881813550663,""score"":21.319409067753313},""_score"":64.72},""market"":{""M1_spy_regime"":{""score"":100.0},""M3_earnings_risk"":{""value"":null,""score"":80.0},""M4_vix"":{""value"":null,""score"":60.0},""_score"":84.0},""liquidity"":{""L1_price"":{""value"":15.55,""score"":100.0},""L2_dollar_vol"":{""value"":11168303.290447101,""score"":52.39935996479193},""L3_spread_proxy"":{""value"":0.03215434083601286,""score"":67.84565916398714},""L4_volume_zscore"":{""value"":-1.160122063425848,""score"":100.0},""_score"":77.74},""pattern_structure"":{""left_low"":14.89,""left_idx"":62,""right_low"":15.35,""right_idx"":76,""separation_bars"":14,""structural_low"":14.89,""current_price"":15.53,""neckline_distance_pct"":0.02060528010302642,""base_bars"":14},""pattern_geometry_features"":{""low_similarity_pct"":0.03042328042328036,""bounce_pct"":0.06447280053727328,""right_bottom_reaction"":0.6666666666666632,""atr_pct"":0.06987781350482317},""_schema_version"":""1.0""}",,,,,,,,,,
20260429T042402Z-4f6251,2026-04-29T04:24:02.652419+00:00,XEL,ascending_triangle,forming,53.44,52.7,52.6,52.5,44.5,33.3,57.5,45.1,84.0,98.3,7.91,14.74,4.2,6.23,4.0,4.6,1.81,5.04,4.92,True,risk_unclear,79.48,80.28,77.4259,81.955,"{""trend"":{""T1_ema_stack"":{""value"":[false,true,true],""score"":66.66666666666666},""T2_ema50_slope"":{""value"":0.03480254014428506,""score"":55.80042335738084},""T3_high_proximity"":{""value"":0.9472053390537482,""score"":73.60266952687405},""T4_rs_1m"":{""value"":-0.10458012938223216,""score"":0},""T5_rs_3m"":{""value"":0.017975247485334522,""score"":58.98762374266726},""T6_adr_healthy"":{""value"":1.8472636949004855,""score"":100.0},""_score"":52.72},""geometry"":{""sub_flat_top_quality"":100,""sub_hl_slope"":8.7,""sub_compression"":20.1,""sub_duration"":100.0,""_score"":52.63},""compression"":{""VC1_atr_ratio"":{""value"":0.5353269687784046,""score"":100},""VC2_range_contraction"":{""value"":1.034474949128237,""score"":0},""VC3_range_pct_rank"":{""score"":50.0},""_score"":52.5},""sr_quality"":{""SR1_touches"":{""value"":2,""score"":25.0},""SR2_tightness"":{""value"":0.07750000000000057,""score"":90.60239920315267},""SR3_recency"":{""value"":253,""score"":0.0},""SR4_price_location"":{""score"":55.3191489361703},""SR5_reaction"":{""value"":1.2808020440864385,""score"":64.04010220432193},""_score"":44.53,""_levels_found"":7,""_target_level"":80.0575},""volume"":{""V1_rvol_day"":{""value"":0.8828925569236271,""score"":25.52617046157514},""V2_rvol_sameslot"":{""value"":0.7684376799557945,""score"":17.895845330386297,""status"":""ok""},""V3_breakout_bar"":{""value"":1.2514320049858165,""score"":50.09546699905444},""V4_base_dryup"":{""value"":0.8940262519996341,""score"":60.59737480003658},""V5_bo_expansion"":{""value"":0.8828925569236271,""score"":0},""_score"":33.33},""readiness"":{""_distance_atr"":0.485,""BR1_atr_distance"":{""score"":67.66416930117086},""BR2_compression"":{""score"":51.78660683483168},""BR3_retest"":{""score"":50.0},""BR4_bo_age"":{""score"":50.0},""_score"":57.51},""risk"":{""R1_stop_clarity"":{""score"":0},""R2_stop_distance_pct"":{""value"":2.5843922999496693,""score"":100.0},""R3_stop_distance_atr"":{""value"":1.2453791520505806,""score"":87.26895760252903},""R4_rr_potential"":{""value"":1.204921923493542,""score"":10.246096174677099},""_score"":45.14},""market"":{""M1_spy_regime"":{""score"":100.0},""M3_earnings_risk"":{""value"":null,""score"":80.0},""M4_vix"":{""value"":null,""score"":60.0},""_score"":84.0},""liquidity"":{""L1_price"":{""value"":79.48,""score"":100.0},""L2_dollar_vol"":{""value"":301271278.4899676,""score"":100.0},""L3_spread_proxy"":{""value"":0.01685958731756421,""score"":83.1404126824358},""L4_volume_zscore"":{""value"":-0.5356292154547402,""score"":100.0},""_score"":98.31},""pattern_structure"":{""top"":80.28,""top_touches"":5,""low_slope_per_bar"":0.020601813685077405,""lowest_low"":78.605,""structural_low"":78.605,""current_price"":79.16,""neckline_distance_pct"":0.014148559878726688,""base_bars"":29},""pattern_geometry_features"":{""top_touches"":5.0,""low_slope"":0.020601813685077405,""compression"":0.10074279085858395,""atr_pct"":0.020751851319289673},""_schema_version"":""1.0""}",,,,,,,,,,
20260429T042402Z-4f6251,2026-04-29T04:24:02.652419+00:00,HQY,double_bottom,forming,53.16,38.2,62.9,34.9,59.9,25.0,43.6,68.9,84.0,92.0,5.74,15.73,2.79,8.38,3.25,3.49,4.14,5.04,4.6,False,,81.18,85.3,79.46,89.93,"{""trend"":{""T1_ema_stack"":{""value"":[false,true,false],""score"":33.33333333333333},""T2_ema50_slope"":{""value"":0.026600854997287288,""score"":54.433475832881214},""T3_high_proximity"":{""value"":0.9323532789709431,""score"":66.17663948547154},""T4_rs_1m"":{""value"":-0.1384993620424828,""score"":0},""T5_rs_3m"":{""value"":-0.04545626430069705,""score"":27.27186784965148},""T6_adr_healthy"":{""value"":4.131836738845316,""score"":100.0},""_score"":38.24},""geometry"":{""sub_low_similarity"":64.9,""sub_bounce_quality"":39.1,""sub_separation_fit"":100.0,""sub_right_bottom_reaction"":97.6,""sub_base_context"":30.0,""_score"":62.93},""compression"":{""VC1_atr_ratio"":{""value"":0.6906707408744723,""score"":77.33231478138191},""VC2_range_contraction"":{""value"":1.116381069354449,""score"":0},""VC3_range_pct_rank"":{""score"":15.833333333333332},""_score"":34.89},""sr_quality"":{""SR1_touches"":{""value"":6,""score"":100},""SR2_tightness"":{""value"":0.9883646004047968,""score"":45.41996017794621},""SR3_recency"":{""value"":237,""score"":0.0},""SR4_price_location"":{""score"":34.52262966633648},""SR5_reaction"":{""value"":1.9219251379085243,""score"":96.09625689542621},""_score"":59.86,""_levels_found"":6,""_target_level"":83.6575},""volume"":{""V1_rvol_day"":{""value"":0.8850514956540965,""score"":25.6700997102731},""V2_rvol_sameslot"":{""value"":0.7606180430339565,""score"":17.37453620226377,""status"":""ok""},""V3_breakout_bar"":{""value"":0.9439709713663708,""score"":29.598064757758053},""V4_base_dryup"":{""value"":1.0487478472378846,""score"":45.12521527621154},""V5_bo_expansion"":{""value"":0.8850514956540967,""score"":0},""_score"":25.03},""readiness"":{""_distance_atr"":1.138,""BR1_atr_distance"":{""score"":24.160994847865197},""BR2_compression"":{""score"":65.89903512101485},""BR3_retest"":{""score"":50.0},""BR4_bo_age"":{""score"":50.0},""_score"":43.64},""risk"":{""R1_stop_clarity"":{""score"":33.17792122499473},""R2_stop_distance_pct"":{""value"":2.1188100517368817,""score"":100.0},""R3_stop_distance_atr"":{""value"":0.4749279641211036,""score"":48.746398206055176},""R4_rr_potential"":{""value"":5.087061422633053,""score"":100.0},""_score"":68.92},""market"":{""M1_spy_regime"":{""score"":100.0},""M3_earnings_risk"":{""value"":null,""score"":80.0},""M4_vix"":{""value"":null,""score"":60.0},""_score"":84.0},""liquidity"":{""L1_price"":{""value"":81.18,""score"":100.0},""L2_dollar_vol"":{""value"":70164906.86750886,""score"":92.30599765456246},""L3_spread_proxy"":{""value"":0.04915003695491494,""score"":50.84996304508506},""L4_volume_zscore"":{""value"":-0.5701392344817563,""score"":100.0},""_score"":92.01},""pattern_structure"":{""left_low"":82.1,""left_idx"":52,""right_low"":80.67,""right_idx"":76,""separation_bars"":24,""structural_low"":80.67,""current_price"":81.265,""neckline_distance_pct"":0.04965237186980861,""base_bars"":24},""pattern_geometry_features"":{""low_similarity_pct"":0.017570805430976135,""bounce_pct"":0.05739432254865496,""right_bottom_reaction"":0.9757281553398003,""atr_pct"":0.04461329321085415},""_schema_version"":""1.0""}",,,,,,,,,,
20260429T042402Z-4f6251,2026-04-29T04:24:02.652419+00:00,MIR,vcp,forming,53.08,6.3,54.6,70.7,54.3,73.5,28.9,48.6,84.0,88.8,0.94,13.65,8.48,6.52,9.55,2.02,2.43,5.04,4.44,True,risk_unclear,18.68,20.6,18.6067,27.49,"{""trend"":{""T1_ema_stack"":{""value"":[false,false,false],""score"":0.0},""T2_ema50_slope"":{""value"":-0.26191167232501156,""score"":6.348054612498075},""T3_high_proximity"":{""value"":0.7345654738497838,""score"":0},""T4_rs_1m"":{""value"":-0.07822135586690138,""score"":0},""T5_rs_3m"":{""value"":-0.286990210416611,""score"":0},""T6_adr_healthy"":{""value"":3.63582632768944,""score"":100.0},""_score"":6.27},""geometry"":{""sub_contraction_count"":100.0,""sub_reduction_rate"":23.9,""sub_pivot_tightness"":24.3,""sub_volume_dryup"":0,""sub_base_depth"":100.0,""sub_base_duration"":100.0,""_score"":54.62},""compression"":{""VC1_atr_ratio"":{""value"":0.35135926701643827,""score"":100},""VC2_range_contraction"":{""value"":0.702227922524426,""score"":49.62867957926234},""VC3_range_pct_rank"":{""score"":53.333333333333336},""_score"":70.7},""sr_quality"":{""SR1_touches"":{""value"":4,""score"":75.0},""SR2_tightness"":{""value"":0.1742663191784341,""score"":49.24581140852143},""SR3_recency"":{""value"":228,""score"":0.0},""SR4_price_location"":{""score"":37.637171179230094},""SR5_reaction"":{""value"":2.8341775970209806,""score"":100},""_score"":54.3,""_levels_found"":6,""_target_level"":20.1075},""volume"":{""V1_rvol_day"":{""value"":1.7134068544685308,""score"":80.89379029790206},""V2_rvol_sameslot"":{""value"":3.081820782132129,""score"":100,""status"":""ok""},""V3_breakout_bar"":{""value"":2.215340125406384,""score"":100},""V4_base_dryup"":{""value"":1.2428985837110549,""score"":25.71014162889452},""V5_bo_expansion"":{""value"":1.7134068544685308,""score"":47.56045696456872},""_score"":73.45},""readiness"":{""_distance_atr"":2.796,""BR1_atr_distance"":{""score"":0},""BR2_compression"":{""score"":45.551368437279585},""BR3_retest"":{""score"":50.0},""BR4_bo_age"":{""score"":50.0},""_score"":28.89},""risk"":{""R1_stop_clarity"":{""score"":17.475738253986748},""R2_stop_distance_pct"":{""value"":0.39266595289078055,""score"":59.816648822269514},""R3_stop_distance_atr"":{""value"":0.10681409209581647,""score"":30.340704604790826},""R4_rr_potential"":{""value"":120.10906612133968,""score"":100.0},""_score"":48.61},""market"":{""M1_spy_regime"":{""score"":100.0},""M3_earnings_risk"":{""value"":null,""score"":80.0},""M4_vix"":{""value"":null,""score"":60.0},""_score"":84.0},""liquidity"":{""L1_price"":{""value"":18.68,""score"":100.0},""L2_dollar_vol"":{""value"":105057850.71091251,""score"":100.0},""L3_spread_proxy"":{""value"":0.03693790149892921,""score"":63.062098501070786},""L4_volume_zscore"":{""value"":2.2171235087848786,""score"":70.0},""_score"":88.81},""pattern_structure"":{""n_contractions"":5,""contractions_pct"":[19.18,12.66,8.96,13.97,8.3],""descending_strict"":false,""final_low"":18.89,""final_pivot"":20.6,""structural_low"":18.89,""dry_up_ratio"":1.017941227420288,""current_price"":18.68,""neckline_distance_pct"":0.10278372591006434,""base_bars"":47},""pattern_geometry_features"":{""contraction_count"":5.0,""first_contraction_pct"":0.19181536074476338,""last_contraction_pct"":0.08300970873786412,""dry_up_ratio"":1.017941227420288,""near_monotone"":0.0,""base_depth_pct"":0.2672614429790535},""_schema_version"":""1.0""}",,,,,,,,,,
20260429T042402Z-4f6251,2026-04-29T04:24:02.652419+00:00,AXON,inverse_head_shoulders,forming,52.89,5.0,55.6,72.2,69.2,21.9,71.1,57.9,84.0,96.7,0.6,15.56,5.78,9.69,3.07,5.69,3.47,4.2,4.83,False,,406.31,414.0,370.6358,451.72,"{""trend"":{""T1_ema_stack"":{""value"":[false,false,false],""score"":0.0},""T2_ema50_slope"":{""value"":-0.8092671767588335,""score"":0},""T3_high_proximity"":{""value"":0.7016353243882643,""score"":0},""T4_rs_1m"":{""value"":-0.17734126114155402,""score"":0},""T5_rs_3m"":{""value"":-0.3574511026267352,""score"":0},""T6_adr_healthy"":{""value"":5.269102540615696,""score"":100.0},""_score"":5.0},""geometry"":{""sub_head_depth"":67.0,""sub_shoulder_price_sym"":77.3,""sub_shoulder_time_sym"":52.9,""sub_right_shoulder_reaction"":32.7,""sub_base_context"":30.0,""_score"":55.56},""compression"":{""VC1_atr_ratio"":{""value"":0.20625471990767436,""score"":100},""VC2_range_contraction"":{""value"":0.7329045252110467,""score"":44.51591246482556},""VC3_range_pct_rank"":{""score"":66.66666666666667},""_score"":72.25},""sr_quality"":{""SR1_touches"":{""value"":4,""score"":75.0},""SR2_tightness"":{""value"":3.636100112758173,""score"":65.05191260155793},""SR3_recency"":{""value"":225,""score"":0.0},""SR4_price_location"":{""score"":87.70204321637951},""SR5_reaction"":{""value"":3.92539066133782,""score"":100},""_score"":69.18,""_levels_found"":4,""_target_level"":414.8401},""volume"":{""V1_rvol_day"":{""value"":0.6745061004296175,""score"":11.633740028641164},""V2_rvol_sameslot"":{""value"":0.5681262757492814,""score"":4.541751716618761,""status"":""ok""},""V3_breakout_bar"":{""value"":0.8304532003918694,""score"":22.03021335945796},""V4_base_dryup"":{""value"":0.8417754690484106,""score"":65.82245309515895},""V5_bo_expansion"":{""value"":0.6745061004296176,""score"":0},""_score"":21.91},""readiness"":{""_distance_atr"":0.37,""BR1_atr_distance"":{""score"":75.36272528626301},""BR2_compression"":{""score"":93.94295247535305},""BR3_retest"":{""score"":50.0},""BR4_bo_age"":{""score"":50.0},""_score"":71.13},""risk"":{""R1_stop_clarity"":{""score"":45.751220049697785},""R2_stop_distance_pct"":{""value"":8.780044793384372,""score"":80.4988801653907},""R3_stop_distance_atr"":{""value"":1.7143986975152097,""score"":100.0},""R4_rr_potential"":{""value"":1.2729087127391776,""score"":13.64543563695888},""_score"":57.89},""market"":{""M1_spy_regime"":{""score"":100.0},""M3_earnings_risk"":{""value"":null,""score"":80.0},""M4_vix"":{""value"":null,""score"":60.0},""_score"":84.0},""liquidity"":{""L1_price"":{""value"":406.31,""score"":100.0},""L2_dollar_vol"":{""value"":313188041.403009,""score"":100.0},""L3_spread_proxy"":{""value"":0.033417833673795805,""score"":66.5821663262042},""L4_volume_zscore"":{""value"":-0.771067726978771,""score"":100.0},""_score"":96.66},""pattern_structure"":{""left_shoulder"":391.24,""left_shoulder_idx"":64,""head"":376.28,""head_idx"":77,""right_shoulder"":398.42,""right_shoulder_idx"":94,""left_to_head_bars"":13,""head_to_right_bars"":17,""structural_low"":376.28,""current_price"":405.38,""neckline_distance_pct"":0.02126399921061721,""base_bars"":30},""pattern_geometry_features"":{""head_depth_pct"":0.04698224552338998,""shoulder_price_asymmetry"":0.018185041663500764,""shoulder_time_asymmetry"":0.23529411764705882,""right_shoulder_reaction"":0.32736780085432327,""atr_pct"":0.051213552635742586},""_schema_version"":""1.0""}",,,,,,,,,,
20260429T042402Z-4f6251,2026-04-29T04:24:02.652419+00:00,TTWO,cup_with_handle,forming,52.8,38.1,58.1,58.3,60.4,18.9,41.3,65.0,84.0,97.9,5.34,17.45,4.67,7.25,2.46,3.3,3.25,4.2,4.89,True,risk_unclear,213.01,221.22,203.3532,247.12,"{""trend"":{""T1_ema_stack"":{""value"":[true,false,false],""score"":33.33333333333333},""T2_ema50_slope"":{""value"":-0.030893620162469486,""score"":44.851063306255085},""T3_high_proximity"":{""value"":0.8759355210132411,""score"":37.96776050662054},""T4_rs_1m"":{""value"":0.0005573204477036242,""score"":50.557320447703624},""T5_rs_3m"":{""value"":-0.15570576822234394,""score"":0},""T6_adr_healthy"":{""value"":2.6579354379758975,""score"":100.0},""_score"":38.11},""geometry"":{""sub_cup_depth"":41.3,""sub_cup_duration"":100.0,""sub_rim_symmetry"":28.0,""sub_handle_shallowness"":44.4,""sub_handle_proportion"":100.0,""sub_u_shape"":69.4,""_score"":58.15},""compression"":{""VC1_atr_ratio"":{""value"":0.376401562674273,""score"":100},""VC2_range_contraction"":{""value"":0.9679403273991769,""score"":5.3432787668038495},""VC3_range_pct_rank"":{""score"":65.83333333333333},""_score"":58.33},""sr_quality"":{""SR1_touches"":{""value"":2,""score"":25.0},""SR2_tightness"":{""value"":0.26500000000000057,""score"":91.3084221623521},""SR3_recency"":{""value"":250,""score"":0.0},""SR4_price_location"":{""score"":96.76361713379168},""SR5_reaction"":{""value"":3.843973292725781,""score"":100},""_score"":60.39,""_levels_found"":7,""_target_level"":213.265},""volume"":{""V1_rvol_day"":{""value"":0.6170640334991321,""score"":7.804268899942139},""V2_rvol_sameslot"":{""value"":0.5410702370406846,""score"":2.7380158027123054,""status"":""ok""},""V3_breakout_bar"":{""value"":0.9435455563703963,""score"":29.569703758026417},""V4_base_dryup"":{""value"":1.0294006369771278,""score"":47.05993630228722},""V5_bo_expansion"":{""value"":0.617064033499132,""score"":0},""_score"":18.91},""readiness"":{""_distance_atr"":1.346,""BR1_atr_distance"":{""score"":10.241693022529304},""BR2_compression"":{""score"":78.73404312980108},""BR3_retest"":{""score"":50.0},""BR4_bo_age"":{""score"":50.0},""_score"":41.28},""risk"":{""R1_stop_clarity"":{""score"":0},""R2_stop_distance_pct"":{""value"":4.5334726069198705,""score"":100.0},""R3_stop_distance_atr"":{""value"":1.5836300808246482,""score"":100.0},""R4_rr_potential"":{""value"":3.5322442850855573,""score"":100.0},""_score"":65.0},""market"":{""M1_spy_regime"":{""score"":100.0},""M3_earnings_risk"":{""value"":null,""score"":80.0},""M4_vix"":{""value"":null,""score"":60.0},""_score"":84.0},""liquidity"":{""L1_price"":{""value"":213.01,""score"":100.0},""L2_dollar_vol"":{""value"":197948793.24483088,""score"":100.0},""L3_spread_proxy"":{""value"":0.02126660720153984,""score"":78.73339279846016},""L4_volume_zscore"":{""value"":-1.8559227064519566,""score"":100.0},""_score"":97.87},""pattern_structure"":{""left_rim"":213.53,""left_rim_idx"":126,""cup_bottom"":187.63,""cup_bottom_idx"":158,""right_rim"":221.22,""right_rim_idx"":175,""handle_low"":206.45,""handle_bars"":4,""cup_bars"":49,""structural_low"":206.45,""current_price"":213.01,""neckline_distance_pct"":0.038542791418243315,""base_bars"":53},""pattern_geometry_features"":{""cup_depth_pct"":0.12129443169578048,""rim_symmetry_pct"":0.03601367489345758,""handle_depth_pct"":0.0667661151794594,""handle_to_cup_ratio"":0.08163265306122448,""cup_duration_bars"":49.0,""atr_pct"":0.02862709329541873,""u_shape_score"":0.3469387755102041},""_schema_version"":""1.0""}",,,,,,,,,,
20260429T042402Z-4f6251,2026-04-29T04:24:02.652419+00:00,AVAV,double_bottom,forming,52.6,5.0,67.6,59.6,67.5,28.5,31.0,78.7,84.0,96.1,0.75,16.89,4.77,9.45,3.7,2.48,4.72,5.04,4.81,False,,192.34,222.4,182.7471,259.27,"{""trend"":{""T1_ema_stack"":{""value"":[false,false,false],""score"":0.0},""T2_ema50_slope"":{""value"":-0.6098382441277997,""score"":0},""T3_high_proximity"":{""value"":0.6266371277774158,""score"":0},""T4_rs_1m"":{""value"":-0.07949120283273281,""score"":0},""T5_rs_3m"":{""value"":-0.401979495399994,""score"":0},""T6_adr_healthy"":{""value"":5.630068144650515,""score"":100.0},""_score"":5.0},""geometry"":{""sub_low_similarity"":93.0,""sub_bounce_quality"":100,""sub_separation_fit"":46.7,""sub_right_bottom_reaction"":44.5,""sub_base_context"":30.0,""_score"":67.58},""compression"":{""VC1_atr_ratio"":{""value"":0.37165679175011895,""score"":100},""VC2_range_contraction"":{""value"":1.1046421678004457,""score"":0},""VC3_range_pct_rank"":{""score"":78.33333333333333},""_score"":59.58},""sr_quality"":{""SR1_touches"":{""value"":4,""score"":75.0},""SR2_tightness"":{""value"":2.090554651282762,""score"":65.7281507678866},""SR3_recency"":{""value"":235,""score"":0.0},""SR4_price_location"":{""score"":80.44491031912419},""SR5_reaction"":{""value"":3.4910306169228282,""score"":100},""_score"":67.47,""_levels_found"":8,""_target_level"":196.5375},""volume"":{""V1_rvol_day"":{""value"":0.7997002856373342,""score"":19.980019042488948},""V2_rvol_sameslot"":{""value"":0.757112059231196,""score"":17.140803948746395,""status"":""ok""},""V3_breakout_bar"":{""value"":0.8964685056386508,""score"":26.431233709243386},""V4_base_dryup"":{""value"":0.7786667234341921,""score"":72.13332765658079},""V5_bo_expansion"":{""value"":0.7997002856373342,""score"":0},""_score"":28.46},""readiness"":{""_distance_atr"":2.464,""BR1_atr_distance"":{""score"":0},""BR2_compression"":{""score"":53.82499739184059},""BR3_retest"":{""score"":50.0},""BR4_bo_age"":{""score"":50.0},""_score"":30.96},""risk"":{""R1_stop_clarity"":{""score"":54.37725449464483},""R2_stop_distance_pct"":{""value"":4.987496100655091,""score"":100.0},""R3_stop_distance_atr"":{""value"":0.7863179656400529,""score"":64.31589828200264},""R4_rr_potential"":{""value"":6.97699873344487,""score"":100.0},""_score"":78.68},""market"":{""M1_spy_regime"":{""score"":100.0},""M3_earnings_risk"":{""value"":null,""score"":80.0},""M4_vix"":{""value"":null,""score"":60.0},""_score"":84.0},""liquidity"":{""L1_price"":{""value"":192.34,""score"":100.0},""L2_dollar_vol"":{""value"":168203058.1874021,""score"":100.0},""L3_spread_proxy"":{""value"":0.038915462202349926,""score"":61.08453779765007},""L4_volume_zscore"":{""value"":-0.5219205895146236,""score"":100.0},""_score"":96.11},""pattern_structure"":{""left_low"":186.1801,""left_idx"":37,""right_low"":185.53,""right_idx"":75,""separation_bars"":38,""structural_low"":185.53,""current_price"":191.59,""neckline_distance_pct"":0.16081215094733547,""base_bars"":38},""pattern_geometry_features"":{""low_similarity_pct"":0.0034978871975768697,""bounce_pct"":0.19872796852261093,""right_bottom_reaction"":0.4450867052023088,""atr_pct"":0.06342848972801139},""_schema_version"":""1.0""}",,,,,,,,,,
20260429T042402Z-4f6251,2026-04-29T04:24:02.652419+00:00,ZS,breakout_retest_hold,setup,52.57,5.0,56.0,65.6,51.0,24.2,85.6,55.9,84.0,97.2,0.7,12.33,3.93,7.14,3.15,15.4,2.79,4.2,2.92,False,,136.07,134.29,133.7886,132.59,"{""trend"":{""T1_ema_stack"":{""value"":[false,false,false],""score"":0.0},""T2_ema50_slope"":{""value"":-0.7765227546991562,""score"":0},""T3_high_proximity"":{""value"":0.6359897172236504,""score"":0},""T4_rs_1m"":{""value"":-0.10052669433849615,""score"":0},""T5_rs_3m"":{""value"":-0.4038637864487712,""score"":0},""T6_adr_healthy"":{""value"":5.020844825157119,""score"":100.0},""_score"":5.0},""geometry"":{""sub_retest_depth"":0.0,""sub_retest_timing"":80.0,""sub_retest_freshness"":100.0,""sub_hold_quality"":66.8,""_score"":56.04},""compression"":{""VC1_atr_ratio"":{""value"":0.36428981746925415,""score"":100},""VC2_range_contraction"":{""value"":0.861464605739246,""score"":23.089232376792335},""VC3_range_pct_rank"":{""score"":70.0},""_score"":65.58},""sr_quality"":{""SR1_touches"":{""value"":3,""score"":50.0},""SR2_tightness"":{""value"":1.770672643846593,""score"":52.261439732064034},""SR3_recency"":{""value"":226,""score"":0.0},""SR4_price_location"":{""score"":52.63820389293829},""SR5_reaction"":{""value"":2.963202506574078,""score"":100},""_score"":51.0,""_levels_found"":7,""_target_level"":142.2784},""volume"":{""V1_rvol_day"":{""value"":0.7504122134453332,""score"":16.69414756302221},""V2_rvol_sameslot"":{""value"":0.8139274301415177,""score"":20.928495342767846,""status"":""ok""},""V3_breakout_bar"":{""value"":1.1366774384245313,""score"":42.44516256163542},""V4_base_dryup"":{""value"":1.1949536323740146,""score"":30.504636762598537},""V5_bo_expansion"":{""value"":0.7504122134453332,""score"":0},""_score"":24.24},""readiness"":{""_distance_atr"":-0.24,""BR1_atr_distance"":{""score"":100.0},""BR2_compression"":{""score"":84.30913242238411},""BR3_retest"":{""score"":100},""BR4_bo_age"":{""score"":30.0},""_score"":85.58},""risk"":{""R1_stop_clarity"":{""score"":63.565320461528174},""R2_stop_distance_pct"":{""value"":1.6766370250606448,""score"":91.91592562651611},""R3_stop_distance_atr"":{""value"":0.30754061676435385,""score"":40.377030838217685},""R4_rr_potential"":{""value"":-1.5253791531515564,""score"":0.0},""_score"":55.88},""market"":{""M1_spy_regime"":{""score"":100.0},""M3_earnings_risk"":{""value"":null,""score"":80.0},""M4_vix"":{""value"":null,""score"":60.0},""_score"":84.0},""liquidity"":{""L1_price"":{""value"":136.07,""score"":100.0},""L2_dollar_vol"":{""value"":295102703.27327436,""score"":100.0},""L3_spread_proxy"":{""value"":0.0283310060998015,""score"":71.6689939001985},""L4_volume_zscore"":{""value"":-0.5164080353620502,""score"":100.0},""_score"":97.17},""pattern_structure"":{""level"":134.29,""level_idx"":62,""breakout_idx"":67,""bo_peak_idx"":74,""bo_peak_price"":138.355,""retest_idx"":76,""retest_low"":135.14,""structural_low"":135.14,""current_price"":136.48,""neckline_distance_pct"":-0.016046307151230933,""base_bars"":17,""bars_since_breakout"":12},""pattern_geometry_features"":{""retest_depth_atr"":-0.49114697263609486,""bars_breakout_to_retest"":9.0,""bars_since_retest"":3.0,""current_above_level_atr"":1.2654257294977103,""bo_peak_excess_pct"":0.0302703105220046,""atr_pct"":0.05451758023706282},""_schema_version"":""1.0""}",,,,,,,,,,
20260429T042402Z-4f6251,2026-04-29T04:24:02.652419+00:00,IE,double_bottom,invalidated,52.4,43.5,60.5,45.1,48.4,37.7,45.9,47.0,84.0,78.8,6.52,15.12,3.61,6.78,4.9,3.67,2.82,5.04,3.94,False,,13.14,14.0,13.1497,14.65,"{""trend"":{""T1_ema_stack"":{""value"":[false,false,true],""score"":33.33333333333333},""T2_ema50_slope"":{""value"":0.00486749656481837,""score"":50.811249427469726},""T3_high_proximity"":{""value"":0.6596385542168675,""score"":0},""T4_rs_1m"":{""value"":0.08645154296337254,""score"":100},""T5_rs_3m"":{""value"":-0.34316870656186005,""score"":0},""T6_adr_healthy"":{""value"":5.709744865275503,""score"":100.0},""_score"":43.5},""geometry"":{""sub_low_similarity"":91.0,""sub_bounce_quality"":26.7,""sub_separation_fit"":73.3,""sub_right_bottom_reaction"":72.2,""sub_base_context"":30.0,""_score"":60.46},""compression"":{""VC1_atr_ratio"":{""value"":0.617882256952664,""score"":95.52943576183401},""VC2_range_contraction"":{""value"":1.0199890917281245,""score"":0},""VC3_range_pct_rank"":{""score"":27.500000000000004},""_score"":45.09},""sr_quality"":{""SR1_touches"":{""value"":2,""score"":25.0},""SR2_tightness"":{""value"":0.12004999999999999,""score"":72.44211976126451},""SR3_recency"":{""value"":310,""score"":0.0},""SR4_price_location"":{""score"":60.27031428106186},""SR5_reaction"":{""value"":2.800493539712731,""score"":100},""_score"":48.43,""_levels_found"":7,""_target_level"":13.7499},""volume"":{""V1_rvol_day"":{""value"":0.824297351750845,""score"":21.61982345005633},""V2_rvol_sameslot"":{""value"":0.7708982543291456,""score"":18.05988362194304,""status"":""ok""},""V3_breakout_bar"":{""value"":1.4242742290063894,""score"":61.6182819337593},""V4_base_dryup"":{""value"":0.7827424625652982,""score"":71.72575374347018},""V5_bo_expansion"":{""value"":0.8242973517508447,""score"":0},""_score"":37.69},""readiness"":{""_distance_atr"":0.987,""BR1_atr_distance"":{""score"":34.19470496928362},""BR2_compression"":{""score"":58.7847030458026},""BR3_retest"":{""score"":50.0},""BR4_bo_age"":{""score"":50.0},""_score"":45.87},""risk"":{""R1_stop_clarity"":{""score"":54.031940709647685},""R2_stop_distance_pct"":{""value"":-0.07420091324199843,""score"":48.14497716895004},""R3_stop_distance_atr"":{""value"":-0.01119072604446615,""score"":24.440463697776693},""R4_rr_potential"":{""value"":null,""score"":50.0},""_score"":47.02},""market"":{""M1_spy_regime"":{""score"":100.0},""M3_earnings_risk"":{""value"":null,""score"":80.0},""M4_vix"":{""value"":null,""score"":60.0},""_score"":84.0},""liquidity"":{""L1_price"":{""value"":13.14,""score"":100.0},""L2_dollar_vol"":{""value"":21033534.4142877,""score"":66.14561282035542},""L3_spread_proxy"":{""value"":0.07686453576864534,""score"":23.13546423135466},""L4_volume_zscore"":{""value"":-0.5741199176752972,""score"":100.0},""_score"":78.77},""pattern_structure"":{""left_low"":13.35,""left_idx"":62,""right_low"":13.41,""right_idx"":68,""separation_bars"":6,""structural_low"":13.35,""current_price"":13.11,""neckline_distance_pct"":0.06788710907704047,""base_bars"":6},""pattern_geometry_features"":{""low_similarity_pct"":0.004484304932735463,""bounce_pct"":0.048689138576779055,""right_bottom_reaction"":0.7222222222222228,""atr_pct"":0.06630571863448576},""_schema_version"":""1.0""}",,,,,,,,,,
20260429T042402Z-4f6251,2026-04-29T04:24:02.652419+00:00,KTOS,double_bottom,forming,52.39,13.3,59.5,73.0,54.0,21.4,60.8,77.3,84.0,96.0,2.0,14.87,5.84,7.56,2.78,4.86,4.64,5.04,4.8,False,,61.66,64.429,59.3167,68.638,"{""trend"":{""T1_ema_stack"":{""value"":[false,false,true],""score"":33.33333333333333},""T2_ema50_slope"":{""value"":-0.8107012796643038,""score"":0},""T3_high_proximity"":{""value"":0.5472619153279489,""score"":0},""T4_rs_1m"":{""value"":-0.2652769622639469,""score"":0},""T5_rs_3m"":{""value"":-0.5010161217618374,""score"":0},""T6_adr_healthy"":{""value"":6.2444813747444945,""score"":100.0},""_score"":13.33},""geometry"":{""sub_low_similarity"":68.0,""sub_bounce_quality"":57.0,""sub_separation_fit"":80.0,""sub_right_bottom_reaction"":64.5,""sub_base_context"":30.0,""_score"":59.47},""compression"":{""VC1_atr_ratio"":{""value"":0.3231927593819592,""score"":100},""VC2_range_contraction"":{""value"":0.8163712057671101,""score"":30.60479903881499},""VC3_range_pct_rank"":{""score"":89.16666666666666},""_score"":73.0},""sr_quality"":{""SR1_touches"":{""value"":2,""score"":25.0},""SR2_tightness"":{""value"":0.4799999999999969,""score"":76.30883130618736},""SR3_recency"":{""value"":238,""score"":0.0},""SR4_price_location"":{""score"":80.30671602326814},""SR5_reaction"":{""value"":3.4512603560726247,""score"":100},""_score"":54.02,""_levels_found"":6,""_target_level"":64.32},""volume"":{""V1_rvol_day"":{""value"":0.8368132668940252,""score"":22.454217792935015},""V2_rvol_sameslot"":{""value"":0.6921410073446078,""score"":12.80940048964052,""status"":""ok""},""V3_breakout_bar"":{""value"":0.8952563369626332,""score"":26.350422464175544},""V4_base_dryup"":{""value"":1.1124341422158233,""score"":38.75658577841767},""V5_bo_expansion"":{""value"":0.8368132668940252,""score"":0},""_score"":21.39},""readiness"":{""_distance_atr"":0.683,""BR1_atr_distance"":{""score"":54.443856865855714},""BR2_compression"":{""score"":85.91896619231134},""BR3_retest"":{""score"":50.0},""BR4_bo_age"":{""score"":50.0},""_score"":60.76},""risk"":{""R1_stop_clarity"":{""score"":55.41618191433096},""R2_stop_distance_pct"":{""value"":3.8003567953292237,""score"":100.0},""R3_stop_distance_atr"":{""value"":0.5782866208355366,""score"":53.91433104177683},""R4_rr_potential"":{""value"":2.9778517475355315,""score"":98.89258737677658},""_score"":77.26},""market"":{""M1_spy_regime"":{""score"":100.0},""M3_earnings_risk"":{""value"":null,""score"":80.0},""M4_vix"":{""value"":null,""score"":60.0},""_score"":84.0},""liquidity"":{""L1_price"":{""value"":61.66,""score"":100.0},""L2_dollar_vol"":{""value"":201880332.38213477,""score"":100.0},""L3_spread_proxy"":{""value"":0.040220564385339025,""score"":59.779435614660976},""L4_volume_zscore"":{""value"":-0.5383334784232194,""score"":100.0},""_score"":95.98},""pattern_structure"":{""left_low"":61.19,""left_idx"":68,""right_low"":60.22,""right_idx"":75,""separation_bars"":7,""structural_low"":60.22,""current_price"":60.655,""neckline_distance_pct"":0.062220756738933326,""base_bars"":7},""pattern_geometry_features"":{""low_similarity_pct"":0.015978914422205732,""bounce_pct"":0.06989372301560949,""right_bottom_reaction"":0.644531250000003,""atr_pct"":0.06571752930818776},""_schema_version"":""1.0""}",,,,,,,,,,
20260429T042402Z-4f6251,2026-04-29T04:24:02.652419+00:00,QTWO,inverse_head_shoulders,absent,52.35,22.5,38.4,50.7,62.3,72.1,39.3,69.3,84.0,90.4,2.7,10.75,4.05,8.72,10.1,3.15,4.16,4.2,4.52,False,,50.16,52.79,46.4526,58.42,"{""trend"":{""T1_ema_stack"":{""value"":[true,false,false],""score"":33.33333333333333},""T2_ema50_slope"":{""value"":-0.21681114276306734,""score"":13.864809539488775},""T3_high_proximity"":{""value"":0.7706252880626824,""score"":0},""T4_rs_1m"":{""value"":-0.018020790692818922,""score"":31.97920930718108},""T5_rs_3m"":{""value"":-0.2532591567532301,""score"":0},""T6_adr_healthy"":{""value"":4.0466300018014305,""score"":100.0},""_score"":22.5},""geometry"":{""sub_head_depth"":80.7,""sub_shoulder_price_sym"":28.8,""sub_shoulder_time_sym"":53.8,""sub_right_shoulder_reaction"":5.3,""sub_base_context"":30.0,""_score"":38.41},""compression"":{""VC1_atr_ratio"":{""value"":0.6868687242315061,""score"":78.28281894212347},""VC2_range_contraction"":{""value"":0.9326164077101564,""score"":11.230598714973931},""VC3_range_pct_rank"":{""score"":61.66666666666667},""_score"":50.66},""sr_quality"":{""SR1_touches"":{""value"":3,""score"":50.0},""SR2_tightness"":{""value"":0.12970050972229244,""score"":87.98870755011018},""SR3_recency"":{""value"":235,""score"":0.0},""SR4_price_location"":{""score"":76.35183850036049},""SR5_reaction"":{""value"":2.562152031310292,""score"":100},""_score"":62.29,""_levels_found"":7,""_target_level"":51.2533},""volume"":{""V1_rvol_day"":{""value"":1.3141030259209046,""score"":54.27353506139364},""V2_rvol_sameslot"":{""value"":1.9046983213104787,""score"":93.64655475403191,""status"":""ok""},""V3_breakout_bar"":{""value"":1.765690684926757,""score"":84.37937899511714},""V4_base_dryup"":{""value"":0.5855304833196254,""score"":91.44695166803746},""V5_bo_expansion"":{""value"":1.3141030259209046,""score"":20.940201728060302},""_score"":72.11},""readiness"":{""_distance_atr"":1.218,""BR1_atr_distance"":{""score"":18.813736839203926},""BR2_compression"":{""score"":57.210180832663205},""BR3_retest"":{""score"":50.0},""BR4_bo_age"":{""score"":50.0},""_score"":39.33},""risk"":{""R1_stop_clarity"":{""score"":34.489168182569884},""R2_stop_distance_pct"":{""value"":7.391148325358851,""score"":100.0},""R3_stop_distance_atr"":{""value"":1.7166727302794775,""score"":100.0},""R4_rr_potential"":{""value"":2.227976479473487,""score"":61.398823973674354},""_score"":69.35},""market"":{""M1_spy_regime"":{""score"":100.0},""M3_earnings_risk"":{""value"":null,""score"":80.0},""M4_vix"":{""value"":null,""score"":60.0},""_score"":84.0},""liquidity"":{""L1_price"":{""value"":50.16,""score"":100.0},""L2_dollar_vol"":{""value"":46331300.45989632,""score"":83.29372452303332},""L3_spread_proxy"":{""value"":0.029206539074960056,""score"":70.79346092503994},""L4_volume_zscore"":{""value"":1.0993104879440965,""score"":100.0},""_score"":90.4},""pattern_structure"":{""left_shoulder"":51.64,""left_shoulder_idx"":70,""head"":47.16,""head_idx"":80,""right_shoulder"":48.78,""right_shoulder_idx"":93,""left_to_head_bars"":10,""head_to_right_bars"":13,""structural_low"":47.16,""current_price"":50.23,""neckline_distance_pct"":0.05096555843121645,""base_bars"":23},""pattern_geometry_features"":{""head_depth_pct"":0.06074487153953404,""shoulder_price_asymmetry"":0.05696076478789085,""shoulder_time_asymmetry"":0.23076923076923078,""right_shoulder_reaction"":0.05309734513274559,""atr_pct"":0.04305508088402825},""_schema_version"":""1.0""}",,,,,,,,,,
20260429T042402Z-4f6251,2026-04-29T04:24:02.652419+00:00,EXLS,vcp,forming,52.17,9.1,62.0,54.5,61.4,47.1,31.1,66.0,84.0,95.1,1.36,15.5,6.54,7.37,6.12,2.18,3.3,5.04,4.76,True,risk_unclear,30.64,32.465,29.2447,45.9646,"{""trend"":{""T1_ema_stack"":{""value"":[false,false,false],""score"":0.0},""T2_ema50_slope"":{""value"":-0.17858656910169865,""score"":20.23557181638356},""T3_high_proximity"":{""value"":0.7702362996480644,""score"":0},""T4_rs_1m"":{""value"":-0.09557045229622729,""score"":0},""T5_rs_3m"":{""value"":-0.26656287336019535,""score"":0},""T6_adr_healthy"":{""value"":2.8627804464805435,""score"":100.0},""_score"":9.05},""geometry"":{""sub_contraction_count"":100.0,""sub_reduction_rate"":41.6,""sub_pivot_tightness"":20.7,""sub_volume_dryup"":31.7,""sub_base_depth"":87.4,""sub_base_duration"":100.0,""_score"":62.0},""compression"":{""VC1_atr_ratio"":{""value"":0.2555263760919632,""score"":100},""VC2_range_contraction"":{""value"":0.8765792626074368,""score"":20.570122898760534},""VC3_range_pct_rank"":{""score"":29.166666666666664},""_score"":54.49},""sr_quality"":{""SR1_touches"":{""value"":4,""score"":75.0},""SR2_tightness"":{""value"":0.20141297748655612,""score"":56.11439645134415},""SR3_recency"":{""value"":235,""score"":0.0},""SR4_price_location"":{""score"":62.036412677006055},""SR5_reaction"":{""value"":2.8443457893016655,""score"":100},""_score"":61.43,""_levels_found"":7,""_target_level"":31.3438},""volume"":{""V1_rvol_day"":{""value"":1.2858073563264545,""score"":52.3871570884303},""V2_rvol_sameslot"":{""value"":1.256486829983207,""score"":50.4324553322138,""status"":""ok""},""V3_breakout_bar"":{""value"":1.2905053667746766,""score"":52.70035778497844},""V4_base_dryup"":{""value"":0.9754856889724266,""score"":52.45143110275734},""V5_bo_expansion"":{""value"":1.2858073563264545,""score"":19.053823755096964},""_score"":47.09},""readiness"":{""_distance_atr"":1.988,""BR1_atr_distance"":{""score"":0},""BR2_compression"":{""score"":54.50395672947172},""BR3_retest"":{""score"":50.0},""BR4_bo_age"":{""score"":50.0},""_score"":31.13},""risk"":{""R1_stop_clarity"":{""score"":2.9632857609759213},""R2_stop_distance_pct"":{""value"":4.554014360313317,""score"":100.0},""R3_stop_distance_atr"":{""value"":1.5201547009478154,""score"":100.0},""R4_rr_potential"":{""value"":10.982620847815959,""score"":100.0},""_score"":66.04},""market"":{""M1_spy_regime"":{""score"":100.0},""M3_earnings_risk"":{""value"":null,""score"":80.0},""M4_vix"":{""value"":null,""score"":60.0},""_score"":84.0},""liquidity"":{""L1_price"":{""value"":30.64,""score"":100.0},""L2_dollar_vol"":{""value"":82258856.26153241,""score"":95.75913333624206},""L3_spread_proxy"":{""value"":0.03182114882506532,""score"":68.17885117493468},""L4_volume_zscore"":{""value"":0.9844877762128871,""score"":100.0},""_score"":95.12},""pattern_structure"":{""n_contractions"":5,""contractions_pct"":[33.73,13.1,6.73,8.42,8.55],""descending_strict"":false,""final_low"":29.69,""final_pivot"":32.465,""structural_low"":29.69,""dry_up_ratio"":0.8414159607161596,""current_price"":30.64,""neckline_distance_pct"":0.05956266318537868,""base_bars"":61},""pattern_geometry_features"":{""contraction_count"":5.0,""first_contraction_pct"":0.33734047085409447,""last_contraction_pct"":0.0854766671800401,""dry_up_ratio"":0.8414159607161596,""near_monotone"":0.0,""base_depth_pct"":0.3125659881082482},""_schema_version"":""1.0""}",,,,,,,,,,
20260429T042402Z-4f6251,2026-04-29T04:24:02.652419+00:00,VYX,vcp,absent,52.11,27.3,46.4,64.8,57.3,41.0,55.8,71.4,84.0,78.8,4.09,11.59,7.78,6.87,5.32,3.91,3.57,5.04,3.94,False,,7.07,7.34,6.4419,10.91,"{""trend"":{""T1_ema_stack"":{""value"":[true,false,false],""score"":33.33333333333333},""T2_ema50_slope"":{""value"":-0.5188281592105092,""score"":0},""T3_high_proximity"":{""value"":0.6979269496544915,""score"":0},""T4_rs_1m"":{""value"":0.01978467813554241,""score"":69.7846781355424},""T5_rs_3m"":{""value"":-0.32329293016434446,""score"":0},""T6_adr_healthy"":{""value"":4.431383038934509,""score"":100.0},""_score"":27.29},""geometry"":{""sub_contraction_count"":100.0,""sub_reduction_rate"":0,""sub_pivot_tightness"":0,""sub_volume_dryup"":44.4,""sub_base_depth"":46.9,""sub_base_duration"":100.0,""_score"":46.35},""compression"":{""VC1_atr_ratio"":{""value"":0.38275780477960075,""score"":100},""VC2_range_contraction"":{""value"":0.9568266674723733,""score"":7.195555421271113},""VC3_range_pct_rank"":{""score"":89.16666666666666},""_score"":64.81},""sr_quality"":{""SR1_touches"":{""value"":3,""score"":50.0},""SR2_tightness"":{""value"":0.0694422221866655,""score"":55.60365738362785},""SR3_recency"":{""value"":226,""score"":0.0},""SR4_price_location"":{""score"":75.74421168687988},""SR5_reaction"":{""value"":3.201860139434347,""score"":100},""_score"":57.28,""_levels_found"":6,""_target_level"":7.2533},""volume"":{""V1_rvol_day"":{""value"":0.8098218841382236,""score"":20.654792275881576},""V2_rvol_sameslot"":{""value"":1.0081772070966732,""score"":33.87848047311155,""status"":""ok""},""V3_breakout_bar"":{""value"":2.0680254501271182,""score"":100},""V4_base_dryup"":{""value"":1.247995543327988,""score"":25.20044566720121},""V5_bo_expansion"":{""value"":0.8098218841382238,""score"":0},""_score"":40.95},""readiness"":{""_distance_atr"":0.863,""BR1_atr_distance"":{""score"":42.46049867567822},""BR2_compression"":{""score"":85.41327800585493},""BR3_retest"":{""score"":50.0},""BR4_bo_age"":{""score"":50.0},""_score"":55.84},""risk"":{""R1_stop_clarity"":{""score"":37.28194355648883},""R2_stop_distance_pct"":{""value"":8.884016973125894,""score"":77.89957567185266},""R3_stop_distance_atr"":{""value"":2.0078089323225896,""score"":100.0},""R4_rr_potential"":{""value"":6.113676166215563,""score"":100.0},""_score"":71.42},""market"":{""M1_spy_regime"":{""score"":100.0},""M3_earnings_risk"":{""value"":null,""score"":80.0},""M4_vix"":{""value"":null,""score"":60.0},""_score"":84.0},""liquidity"":{""L1_price"":{""value"":7.07,""score"":98.535},""L2_dollar_vol"":{""value"":11945116.56950115,""score"":53.859519614064986},""L3_spread_proxy"":{""value"":0.024045261669024036,""score"":75.95473833097597},""L4_volume_zscore"":{""value"":-0.7361749663095235,""score"":100.0},""_score"":78.77},""pattern_structure"":{""n_contractions"":5,""contractions_pct"":[9.3,26.77,22.69,15.41,10.9],""descending_strict"":false,""final_low"":6.54,""final_pivot"":7.34,""structural_low"":6.54,""dry_up_ratio"":0.778013722621138,""current_price"":7.07,""neckline_distance_pct"":0.03818953323903813,""base_bars"":50},""pattern_geometry_features"":{""contraction_count"":5.0,""first_contraction_pct"":0.09297725024727987,""last_contraction_pct"":0.10899182561307899,""dry_up_ratio"":0.778013722621138,""near_monotone"":0.0,""base_depth_pct"":0.35311572700296734},""_schema_version"":""1.0""}",,,,,,,,,,
20260429T042402Z-4f6251,2026-04-29T04:24:02.652419+00:00,NIC,inverse_head_shoulders,absent,52.09,54.0,38.2,52.3,63.6,48.5,36.2,64.5,84.0,81.6,6.49,10.7,4.18,8.9,6.78,2.89,3.87,4.2,4.08,True,risk_unclear,148.58,156.56,141.0126,169.96,"{""trend"":{""T1_ema_stack"":{""value"":[false,true,true],""score"":66.66666666666666},""T2_ema50_slope"":{""value"":0.14635150514225131,""score"":74.39191752370856},""T3_high_proximity"":{""value"":0.9207411538699882,""score"":60.37057693499409},""T4_rs_1m"":{""value"":-0.09214851314532457,""score"":0},""T5_rs_3m"":{""value"":0.012613086707997434,""score"":56.30654335399872},""T6_adr_healthy"":{""value"":2.465941031758525,""score"":100.0},""_score"":54.05},""geometry"":{""sub_head_depth"":65.2,""sub_shoulder_price_sym"":21.0,""sub_shoulder_time_sym"":6.7,""sub_right_shoulder_reaction"":66.8,""sub_base_context"":30.0,""_score"":38.2},""compression"":{""VC1_atr_ratio"":{""value"":0.5977421945953801,""score"":100},""VC2_range_contraction"":{""value"":1.1009900785571476,""score"":0},""VC3_range_pct_rank"":{""score"":49.16666666666667},""_score"":52.29},""sr_quality"":{""SR1_touches"":{""value"":3,""score"":50.0},""SR2_tightness"":{""value"":0.578638248150096,""score"":73.9778725862804},""SR3_recency"":{""value"":244,""score"":0.0},""SR4_price_location"":{""score"":90.75052854122653},""SR5_reaction"":{""value"":1.9753653518443857,""score"":98.76826759221929},""_score"":63.6,""_levels_found"":6,""_target_level"":149.1633},""volume"":{""V1_rvol_day"":{""value"":0.6338835403968118,""score"":8.925569359787456},""V2_rvol_sameslot"":{""value"":1.5585592962099515,""score"":70.5706197473301,""status"":""ok""},""V3_breakout_bar"":{""value"":1.5489398109837622,""score"":69.92932073225082},""V4_base_dryup"":{""value"":0.7463858413971404,""score"":75.36141586028596},""V5_bo_expansion"":{""value"":0.6338835403968117,""score"":0},""_score"":48.45},""readiness"":{""_distance_atr"":1.794,""BR1_atr_distance"":{""score"":0},""BR2_compression"":{""score"":74.63214753147562},""BR3_retest"":{""score"":50.0},""BR4_bo_age"":{""score"":50.0},""_score"":36.16},""risk"":{""R1_stop_clarity"":{""score"":3.4285815241742768},""R2_stop_distance_pct"":{""value"":5.0931484722035405,""score"":100.0},""R3_stop_distance_atr"":{""value"":1.701579938935373,""score"":100.0},""R4_rr_potential"":{""value"":2.8252768454158543,""score"":91.26384227079272},""_score"":64.45},""market"":{""M1_spy_regime"":{""score"":100.0},""M3_earnings_risk"":{""value"":null,""score"":80.0},""M4_vix"":{""value"":null,""score"":60.0},""_score"":84.0},""liquidity"":{""L1_price"":{""value"":148.58,""score"":100.0},""L2_dollar_vol"":{""value"":16299205.534739383,""score"":60.60832181440805},""L3_spread_proxy"":{""value"":0.026045901198007815,""score"":73.95409880199219},""L4_volume_zscore"":{""value"":-0.6989864998221745,""score"":100.0},""_score"":81.64},""pattern_structure"":{""left_shoulder"":154.67,""left_shoulder_idx"":65,""head"":143.16,""head_idx"":80,""right_shoulder"":145.19,""right_shoulder_idx"":88,""left_to_head_bars"":15,""head_to_right_bars"":8,""structural_low"":143.16,""current_price"":147.06,""neckline_distance_pct"":0.06459948320413436,""base_bars"":23},""pattern_geometry_features"":{""head_depth_pct"":0.04515440538918168,""shoulder_price_asymmetry"":0.0632295071033148,""shoulder_time_asymmetry"":0.4666666666666667,""right_shoulder_reaction"":0.6683937823834132,""atr_pct"":0.02993187893006172},""_schema_version"":""1.0""}",,,,,,,,,,
20260429T042402Z-4f6251,2026-04-29T04:24:02.652419+00:00,VYX,double_bottom,absent,52.08,27.3,49.0,64.8,57.3,39.2,55.8,66.6,84.0,78.8,4.09,12.24,5.18,8.02,5.1,4.47,4.0,5.04,3.94,False,,7.07,7.34,6.698,7.88,"{""trend"":{""T1_ema_stack"":{""value"":[true,false,false],""score"":33.33333333333333},""T2_ema50_slope"":{""value"":-0.5188281592105092,""score"":0},""T3_high_proximity"":{""value"":0.6979269496544915,""score"":0},""T4_rs_1m"":{""value"":0.01978467813554241,""score"":69.7846781355424},""T5_rs_3m"":{""value"":-0.32329293016434446,""score"":0},""T6_adr_healthy"":{""value"":4.431383038934509,""score"":100.0},""_score"":27.29},""geometry"":{""sub_low_similarity"":54.9,""sub_bounce_quality"":70.6,""sub_separation_fit"":20.0,""sub_right_bottom_reaction"":62.5,""sub_base_context"":30.0,""_score"":48.96},""compression"":{""VC1_atr_ratio"":{""value"":0.38275780477960075,""score"":100},""VC2_range_contraction"":{""value"":0.9568266674723733,""score"":7.195555421271113},""VC3_range_pct_rank"":{""score"":89.16666666666666},""_score"":64.81},""sr_quality"":{""SR1_touches"":{""value"":3,""score"":50.0},""SR2_tightness"":{""value"":0.0694422221866655,""score"":55.60365738362785},""SR3_recency"":{""value"":226,""score"":0.0},""SR4_price_location"":{""score"":75.74421168687988},""SR5_reaction"":{""value"":3.201860139434347,""score"":100},""_score"":57.28,""_levels_found"":6,""_target_level"":7.2533},""volume"":{""V1_rvol_day"":{""value"":0.8098218841382236,""score"":20.654792275881576},""V2_rvol_sameslot"":{""value"":1.0081772070966732,""score"":33.87848047311155,""status"":""ok""},""V3_breakout_bar"":{""value"":2.0680254501271182,""score"":100},""V4_base_dryup"":{""value"":1.3336489639369569,""score"":16.635103606304313},""V5_bo_expansion"":{""value"":0.8098218841382238,""score"":0},""_score"":39.23},""readiness"":{""_distance_atr"":0.863,""BR1_atr_distance"":{""score"":42.46049867567822},""BR2_compression"":{""score"":85.41327800585493},""BR3_retest"":{""score"":50.0},""BR4_bo_age"":{""score"":50.0},""_score"":55.84},""risk"":{""R1_stop_clarity"":{""score"":34.78856516576835},""R2_stop_distance_pct"":{""value"":5.261669024045272,""score"":100.0},""R3_stop_distance_atr"":{""value"":1.1891496940359878,""score"":84.45748470179939},""R4_rr_potential"":{""value"":2.177419354838704,""score"":58.87096774193521},""_score"":66.62},""market"":{""M1_spy_regime"":{""score"":100.0},""M3_earnings_risk"":{""value"":null,""score"":80.0},""M4_vix"":{""value"":null,""score"":60.0},""_score"":84.0},""liquidity"":{""L1_price"":{""value"":7.07,""score"":98.535},""L2_dollar_vol"":{""value"":11945116.56950115,""score"":53.859519614064986},""L3_spread_proxy"":{""value"":0.024045261669024036,""score"":75.95473833097597},""L4_volume_zscore"":{""value"":-0.7361749663095235,""score"":100.0},""_score"":78.77},""pattern_structure"":{""left_low"":6.8,""left_idx"":31,""right_low"":6.955,""right_idx"":73,""separation_bars"":42,""structural_low"":6.8,""current_price"":7.085,""neckline_distance_pct"":0.03599153140437543,""base_bars"":42},""pattern_geometry_features"":{""low_similarity_pct"":0.022537259178480592,""bounce_pct"":0.07941176470588236,""right_bottom_reaction"":0.6249999999999972,""atr_pct"":0.0442473226914528},""_schema_version"":""1.0""}",,,,,,,,,,
20260429T042402Z-4f6251,2026-04-29T04:24:02.652419+00:00,OSBC,vcp,absent,52.07,67.8,38.9,42.9,50.4,54.5,39.8,42.9,84.0,78.4,10.17,9.73,5.15,6.05,7.09,2.78,2.15,5.04,3.92,True,risk_unclear,20.91,22.43,18.9612,24.32,"{""trend"":{""T1_ema_stack"":{""value"":[true,true,true],""score"":100.0},""T2_ema50_slope"":{""value"":0.1914417946617616,""score"":81.90696577696026},""T3_high_proximity"":{""value"":0.9534883720930233,""score"":76.74418604651162},""T4_rs_1m"":{""value"":-0.05390795251884195,""score"":0},""T5_rs_3m"":{""value"":0.03170202442697745,""score"":65.85101221348873},""T6_adr_healthy"":{""value"":2.529950741235264,""score"":100.0},""_score"":67.77},""geometry"":{""sub_contraction_count"":100.0,""sub_reduction_rate"":0,""sub_pivot_tightness"":0,""sub_volume_dryup"":0,""sub_base_depth"":39.4,""sub_base_duration"":100.0,""_score"":38.94},""compression"":{""VC1_atr_ratio"":{""value"":0.706661343151214,""score"":73.3346642121965},""VC2_range_contraction"":{""value"":1.1928452528747768,""score"":0},""VC3_range_pct_rank"":{""score"":54.16666666666667},""_score"":42.88},""sr_quality"":{""SR1_touches"":{""value"":2,""score"":25.0},""SR2_tightness"":{""value"":0.09499999999999886,""score"":67.42032677657244},""SR3_recency"":{""value"":269,""score"":0.0},""SR4_price_location"":{""score"":71.11111111111117},""SR5_reaction"":{""value"":2.4949170810572463,""score"":100},""_score"":50.39,""_levels_found"":4,""_target_level"":21.235},""volume"":{""V1_rvol_day"":{""value"":1.13279922353571,""score"":42.18661490238067},""V2_rvol_sameslot"":{""value"":1.6570930642797006,""score"":77.1395376186467,""status"":""ok""},""V3_breakout_bar"":{""value"":2.1062198936887646,""score"":100},""V4_base_dryup"":{""value"":1.2840049424585687,""score"":21.599505754143138},""V5_bo_expansion"":{""value"":1.13279922353571,""score"":8.853281569047338},""_score"":54.51},""readiness"":{""_distance_atr"":2.606,""BR1_atr_distance"":{""score"":0},""BR2_compression"":{""score"":89.13389093148047},""BR3_retest"":{""score"":50.0},""BR4_bo_age"":{""score"":50.0},""_score"":39.78},""risk"":{""R1_stop_clarity"":{""score"":0.97494059721231},""R2_stop_distance_pct"":{""value"":9.319703491152561,""score"":67.00741272118597},""R3_stop_distance_atr"":{""value"":3.341559904955539,""score"":100.0},""R4_rr_potential"":{""value"":1.7498396407953813,""score"":37.49198203976907},""_score"":42.94},""market"":{""M1_spy_regime"":{""score"":100.0},""M3_earnings_risk"":{""value"":null,""score"":80.0},""M4_vix"":{""value"":null,""score"":60.0},""_score"":84.0},""liquidity"":{""L1_price"":{""value"":20.91,""score"":100.0},""L2_dollar_vol"":{""value"":10722022.851639,""score"":51.513836424683305},""L3_spread_proxy"":{""value"":0.022238163558106164,""score"":77.76183644189383},""L4_volume_zscore"":{""value"":0.2951833700205499,""score"":100.0},""_score"":78.38},""pattern_structure"":{""n_contractions"":5,""contractions_pct"":[8.18,6.34,4.3,3.43,14.18],""descending_strict"":false,""final_low"":19.25,""final_pivot"":22.43,""structural_low"":19.25,""dry_up_ratio"":1.2557661331694658,""current_price"":20.91,""neckline_distance_pct"":0.07269249163079863,""base_bars"":45},""pattern_geometry_features"":{""contraction_count"":5.0,""first_contraction_pct"":0.08183538315988649,""last_contraction_pct"":0.14177440927329468,""dry_up_ratio"":1.2557661331694658,""near_monotone"":0.0,""base_depth_pct"":0.0894039735099338},""_schema_version"":""1.0""}",,,,,,,,,,
20260429T042402Z-4f6251,2026-04-29T04:24:02.652419+00:00,FROG,ascending_triangle,forming,52.06,19.7,65.0,64.7,43.9,26.7,47.4,71.3,84.0,94.0,2.96,18.19,5.17,6.14,3.21,3.79,2.85,5.04,4.7,False,,45.5,47.55,42.286,52.17,"{""trend"":{""T1_ema_stack"":{""value"":[true,false,false],""score"":33.33333333333333},""T2_ema50_slope"":{""value"":-0.10775233330457387,""score"":32.04127778257102},""T3_high_proximity"":{""value"":0.7573866000832292,""score"":0},""T4_rs_1m"":{""value"":-0.0724204868329481,""score"":0},""T5_rs_3m"":{""value"":-0.25432216795376483,""score"":0},""T6_adr_healthy"":{""value"":5.997717671148668,""score"":100.0},""_score"":19.74},""geometry"":{""sub_flat_top_quality"":100,""sub_hl_slope"":18.6,""sub_compression"":57.6,""sub_duration"":100.0,""_score"":64.98},""compression"":{""VC1_atr_ratio"":{""value"":0.3388719803335107,""score"":100},""VC2_range_contraction"":{""value"":0.7379994749094925,""score"":43.66675418175126},""VC3_range_pct_rank"":{""score"":37.5},""_score"":64.66},""sr_quality"":{""SR1_touches"":{""value"":2,""score"":25.0},""SR2_tightness"":{""value"":0.07750000000000057,""score"":93.96047870860002},""SR3_recency"":{""value"":235,""score"":0.0},""SR4_price_location"":{""score"":29.0331491712707},""SR5_reaction"":{""value"":5.590453659894241,""score"":100},""_score"":43.85,""_levels_found"":6,""_target_level"":51.9225},""volume"":{""V1_rvol_day"":{""value"":1.1216077864895468,""score"":41.440519099303124},""V2_rvol_sameslot"":{""value"":0.8567166498309202,""score"":23.781109988728012,""status"":""ok""},""V3_breakout_bar"":{""value"":0.8605569033476844,""score"":24.037126889845627},""V4_base_dryup"":{""value"":1.177226835082059,""score"":32.27731649179411},""V5_bo_expansion"":{""value"":1.121607786489547,""score"":8.107185765969804},""_score"":26.73},""readiness"":{""_distance_atr"":0.799,""BR1_atr_distance"":{""score"":46.74830689303281},""BR2_compression"":{""score"":44.71921872500986},""BR3_retest"":{""score"":50.0},""BR4_bo_age"":{""score"":50.0},""_score"":47.38},""risk"":{""R1_stop_clarity"":{""score"":49.8174227664901},""R2_stop_distance_pct"":{""value"":7.063626373626383,""score"":100.0},""R3_stop_distance_atr"":{""value"":1.2523044809351536,""score"":87.61522404675767},""R4_rr_potential"":{""value"":2.075327867577276,""score"":53.766393378863796},""_score"":71.33},""market"":{""M1_spy_regime"":{""score"":100.0},""M3_earnings_risk"":{""value"":null,""score"":80.0},""M4_vix"":{""value"":null,""score"":60.0},""_score"":84.0},""liquidity"":{""L1_price"":{""value"":45.5,""score"":100.0},""L2_dollar_vol"":{""value"":127136492.06949599,""score"":100.0},""L3_spread_proxy"":{""value"":0.05999999999999993,""score"":40.00000000000007},""L4_volume_zscore"":{""value"":0.26196470575338004,""score"":100.0},""_score"":94.0},""pattern_structure"":{""top"":47.55,""top_touches"":4,""low_slope_per_bar"":0.023936832740213302,""lowest_low"":42.93,""structural_low"":42.93,""current_price"":45.47,""neckline_distance_pct"":0.045744446888058024,""base_bars"":46},""pattern_geometry_features"":{""top_touches"":4.0,""low_slope"":0.023936832740213302,""compression"":0.28795712791065475,""atr_pct"":0.05640502354788068},""_schema_version"":""1.0""}",,,,,,,,,,
20260429T042402Z-4f6251,2026-04-29T04:24:02.652419+00:00,CLBT,double_bottom,forming,52.03,5.0,66.2,70.5,57.7,18.8,63.3,72.2,84.0,82.7,0.75,16.55,5.64,8.07,2.44,5.07,4.33,5.04,4.14,False,,12.68,13.1,12.3224,13.69,"{""trend"":{""T1_ema_stack"":{""value"":[false,false,false],""score"":0.0},""T2_ema50_slope"":{""value"":-0.443674710046099,""score"":0},""T3_high_proximity"":{""value"":0.7920049968769518,""score"":0},""T4_rs_1m"":{""value"":-0.1432295246201789,""score"":0},""T5_rs_3m"":{""value"":-0.2589770772408967,""score"":0},""T6_adr_healthy"":{""value"":5.049308849454485,""score"":100.0},""_score"":5.0},""geometry"":{""sub_low_similarity"":100,""sub_bounce_quality"":24.5,""sub_separation_fit"":100.0,""sub_right_bottom_reaction"":68.7,""sub_base_context"":30.0,""_score"":66.2},""compression"":{""VC1_atr_ratio"":{""value"":0.27581641659311606,""score"":100},""VC2_range_contraction"":{""value"":0.7273108650532669,""score"":45.448189157788846},""VC3_range_pct_rank"":{""score"":58.33333333333333},""_score"":70.49},""sr_quality"":{""SR1_touches"":{""value"":2,""score"":25.0},""SR2_tightness"":{""value"":0.04499999999999993,""score"":87.2598584428716},""SR3_recency"":{""value"":242,""score"":0.0},""SR4_price_location"":{""score"":88.3215369059656},""SR5_reaction"":{""value"":2.6435793731041466,""score"":100},""_score"":57.67,""_levels_found"":8,""_target_level"":12.955},""volume"":{""V1_rvol_day"":{""value"":0.9558790896276526,""score"":30.391939308510167},""V2_rvol_sameslot"":{""value"":0.4909444850295299,""score"":0,""status"":""ok""},""V3_breakout_bar"":{""value"":0.6306998377319496,""score"":8.713322515463307},""V4_base_dryup"":{""value"":0.9745053307241486,""score"":52.549466927585144},""V5_bo_expansion"":{""value"":0.9558790896276526,""score"":0},""_score"":18.77},""readiness"":{""_distance_atr"":0.595,""BR1_atr_distance"":{""score"":60.36400404448937},""BR2_compression"":{""score"":86.70887151733028},""BR3_retest"":{""score"":50.0},""BR4_bo_age"":{""score"":50.0},""_score"":63.32},""risk"":{""R1_stop_clarity"":{""score"":46.87360970677459},""R2_stop_distance_pct"":{""value"":2.8205835962145076,""score"":100.0},""R3_stop_distance_atr"":{""value"":0.5062790697674415,""score"":50.31395348837208},""R4_rr_potential"":{""value"":2.8239899342933064,""score"":91.19949671466532},""_score"":72.19},""market"":{""M1_spy_regime"":{""score"":100.0},""M3_earnings_risk"":{""value"":null,""score"":80.0},""M4_vix"":{""value"":null,""score"":60.0},""_score"":84.0},""liquidity"":{""L1_price"":{""value"":12.68,""score"":100.0},""L2_dollar_vol"":{""value"":20372814.0702874,""score"":65.45255108375305},""L3_spread_proxy"":{""value"":0.034700315457413214,""score"":65.29968454258679},""L4_volume_zscore"":{""value"":-0.07727674081583721,""score"":100.0},""_score"":82.71},""pattern_structure"":{""left_low"":12.51,""left_idx"":56,""right_low"":12.51,""right_idx"":76,""separation_bars"":20,""structural_low"":12.51,""current_price"":12.625,""neckline_distance_pct"":0.037623762376237595,""base_bars"":20},""pattern_geometry_features"":{""low_similarity_pct"":0.0,""bounce_pct"":0.047162270183852904,""right_bottom_reaction"":0.6874999999999959,""atr_pct"":0.05571203244704819},""_schema_version"":""1.0""}",,,,,,,,,,
20260429T042402Z-4f6251,2026-04-29T04:24:02.652419+00:00,QTWO,vcp,absent,51.78,22.5,45.0,50.7,62.3,61.2,31.8,77.1,84.0,90.4,3.38,11.25,6.08,7.47,7.96,2.23,3.85,5.04,4.52,False,,50.16,54.6,46.3935,66.44,"{""trend"":{""T1_ema_stack"":{""value"":[true,false,false],""score"":33.33333333333333},""T2_ema50_slope"":{""value"":-0.21681114276306734,""score"":13.864809539488775},""T3_high_proximity"":{""value"":0.7706252880626824,""score"":0},""T4_rs_1m"":{""value"":-0.018020790692818922,""score"":31.97920930718108},""T5_rs_3m"":{""value"":-0.2532591567532301,""score"":0},""T6_adr_healthy"":{""value"":4.0466300018014305,""score"":100.0},""_score"":22.5},""geometry"":{""sub_contraction_count"":100.0,""sub_reduction_rate"":0,""sub_pivot_tightness"":0,""sub_volume_dryup"":0,""sub_base_depth"":100.0,""sub_base_duration"":100.0,""_score"":45.0},""compression"":{""VC1_atr_ratio"":{""value"":0.6868687242315061,""score"":78.28281894212347},""VC2_range_contraction"":{""value"":0.9326164077101564,""score"":11.230598714973931},""VC3_range_pct_rank"":{""score"":61.66666666666667},""_score"":50.66},""sr_quality"":{""SR1_touches"":{""value"":3,""score"":50.0},""SR2_tightness"":{""value"":0.12970050972229244,""score"":87.98870755011018},""SR3_recency"":{""value"":235,""score"":0.0},""SR4_price_location"":{""score"":76.35183850036049},""SR5_reaction"":{""value"":2.562152031310292,""score"":100},""_score"":62.29,""_levels_found"":7,""_target_level"":51.2533},""volume"":{""V1_rvol_day"":{""value"":1.3141030259209046,""score"":54.27353506139364},""V2_rvol_sameslot"":{""value"":1.9046983213104787,""score"":93.64655475403191,""status"":""ok""},""V3_breakout_bar"":{""value"":1.765690684926757,""score"":84.37937899511714},""V4_base_dryup"":{""value"":1.1308991954342689,""score"":36.91008045657311},""V5_bo_expansion"":{""value"":1.3141030259209046,""score"":20.940201728060302},""_score"":61.2},""readiness"":{""_distance_atr"":2.056,""BR1_atr_distance"":{""score"":0},""BR2_compression"":{""score"":57.210180832663205},""BR3_retest"":{""score"":50.0},""BR4_bo_age"":{""score"":50.0},""_score"":31.8},""risk"":{""R1_stop_clarity"":{""score"":34.57251529684156},""R2_stop_distance_pct"":{""value"":7.5089712918660165,""score"":100.0},""R3_stop_distance_atr"":{""value"":1.7440383661319634,""score"":100.0},""R4_rr_potential"":{""value"":4.322315146687914,""score"":100.0},""_score"":77.1},""market"":{""M1_spy_regime"":{""score"":100.0},""M3_earnings_risk"":{""value"":null,""score"":80.0},""M4_vix"":{""value"":null,""score"":60.0},""_score"":84.0},""liquidity"":{""L1_price"":{""value"":50.16,""score"":100.0},""L2_dollar_vol"":{""value"":46331300.45989632,""score"":83.29372452303332},""L3_spread_proxy"":{""value"":0.029206539074960056,""score"":70.79346092503994},""L4_volume_zscore"":{""value"":1.0993104879440965,""score"":100.0},""_score"":90.4},""pattern_structure"":{""n_contractions"":5,""contractions_pct"":[12.89,9.81,13.05,12.39,13.74],""descending_strict"":false,""final_low"":47.1,""final_pivot"":54.6,""structural_low"":47.1,""dry_up_ratio"":1.2464849905263278,""current_price"":50.16,""neckline_distance_pct"":0.08851674641148335,""base_bars"":50},""pattern_geometry_features"":{""contraction_count"":5.0,""first_contraction_pct"":0.12894468951476068,""last_contraction_pct"":0.13736263736263735,""dry_up_ratio"":1.2464849905263278,""near_monotone"":0.0,""base_depth_pct"":0.20088225313878516},""_schema_version"":""1.0""}",,,,,,,,,,
20260429T042402Z-4f6251,2026-04-29T04:24:02.652419+00:00,FBK,double_bottom,forming,51.73,41.1,55.3,59.4,50.6,25.3,61.0,45.0,84.0,79.8,6.16,13.83,4.75,7.09,3.28,4.88,2.7,5.04,3.99,True,risk_unclear,54.82,54.89,52.0375,56.95,"{""trend"":{""T1_ema_stack"":{""value"":[true,false,true],""score"":66.66666666666666},""T2_ema50_slope"":{""value"":3.2419264110443214e-05,""score"":50.005403210685074},""T3_high_proximity"":{""value"":0.889790618406103,""score"":44.89530920305146},""T4_rs_1m"":{""value"":-0.0518860596387527,""score"":0},""T5_rs_3m"":{""value"":-0.06439840506376737,""score"":17.800797468116315},""T6_adr_healthy"":{""value"":2.4341085149379844,""score"":100.0},""_score"":41.07},""geometry"":{""sub_low_similarity"":79.5,""sub_bounce_quality"":12.8,""sub_separation_fit"":0.0,""sub_right_bottom_reaction"":59.5,""sub_base_context"":100.0,""_score"":55.33},""compression"":{""VC1_atr_ratio"":{""value"":0.43436418378886876,""score"":100},""VC2_range_contraction"":{""value"":0.9179031570457034,""score"":13.682807159049442},""VC3_range_pct_rank"":{""score"":58.33333333333333},""_score"":59.37},""sr_quality"":{""SR1_touches"":{""value"":2,""score"":25.0},""SR2_tightness"":{""value"":0.3549999999999969,""score"":51.9150136081967},""SR3_recency"":{""value"":300,""score"":0.0},""SR4_price_location"":{""score"":81.33897652943445},""SR5_reaction"":{""value"":2.2112321206935093,""score"":100},""_score"":50.62,""_levels_found"":4,""_target_level"":55.305},""volume"":{""V1_rvol_day"":{""value"":0.6887778234970544,""score"":12.58518823313696},""V2_rvol_sameslot"":{""value"":0.6889237779543227,""score"":12.59491853028818,""status"":""ok""},""V3_breakout_bar"":{""value"":1.2067761325748592,""score"":47.118408838323944},""V4_base_dryup"":{""value"":1.0778161426239856,""score"":42.21838573760144},""V5_bo_expansion"":{""value"":0.6887778234970543,""score"":0},""_score"":25.26},""readiness"":{""_distance_atr"":0.047,""BR1_atr_distance"":{""score"":96.83948446251054},""BR2_compression"":{""score"":19.109223113955206},""BR3_retest"":{""score"":50.0},""BR4_bo_age"":{""score"":50.0},""_score"":61.01},""risk"":{""R1_stop_clarity"":{""score"":0},""R2_stop_distance_pct"":{""value"":5.075611090842766,""score"":100.0},""R3_stop_distance_atr"":{""value"":1.884423526561612,""score"":100.0},""R4_rr_potential"":{""value"":0.7655124081295259,""score"":0.0},""_score"":45.0},""market"":{""M1_spy_regime"":{""score"":100.0},""M3_earnings_risk"":{""value"":null,""score"":80.0},""M4_vix"":{""value"":null,""score"":60.0},""_score"":84.0},""liquidity"":{""L1_price"":{""value"":54.82,""score"":100.0},""L2_dollar_vol"":{""value"":12616601.19915712,""score"":55.04711877846913},""L3_spread_proxy"":{""value"":0.021707406056183834,""score"":78.29259394381617},""L4_volume_zscore"":{""value"":-0.7973051005296301,""score"":100.0},""_score"":79.85},""pattern_structure"":{""left_low"":52.83,""left_idx"":20,""right_low"":53.375,""right_idx"":66,""separation_bars"":46,""structural_low"":52.83,""current_price"":54.675,""neckline_distance_pct"":0.003932327389117575,""base_bars"":46},""pattern_geometry_features"":{""low_similarity_pct"":0.010263170283884971,""bounce_pct"":0.038992996403558626,""right_bottom_reaction"":0.5945945945945842,""atr_pct"":0.026934555949340702},""_schema_version"":""1.0""}",,,,,,,,,,
20260429T042402Z-4f6251,2026-04-29T04:24:02.652419+00:00,INTU,vcp,absent,51.69,13.3,47.9,72.8,55.1,42.1,42.5,79.3,84.0,98.1,2.0,11.98,8.73,6.62,5.47,2.97,3.97,5.04,4.91,False,,400.38,419.0,368.3457,614.425,"{""trend"":{""T1_ema_stack"":{""value"":[true,false,false],""score"":33.33333333333333},""T2_ema50_slope"":{""value"":-0.5532689790120651,""score"":0},""T3_high_proximity"":{""value"":0.7432337107852236,""score"":0},""T4_rs_1m"":{""value"":-0.16094508311952382,""score"":0},""T5_rs_3m"":{""value"":-0.2891895198233104,""score"":0},""T6_adr_healthy"":{""value"":4.105081878550483,""score"":100.0},""_score"":13.33},""geometry"":{""sub_contraction_count"":100.0,""sub_reduction_rate"":15.0,""sub_pivot_tightness"":0,""sub_volume_dryup"":23.4,""sub_base_depth"":56.8,""sub_base_duration"":100.0,""_score"":47.94},""compression"":{""VC1_atr_ratio"":{""value"":0.4333249410350468,""score"":100},""VC2_range_contraction"":{""value"":0.7916923455733832,""score"":34.71794240443614},""VC3_range_pct_rank"":{""score"":82.5},""_score"":72.78},""sr_quality"":{""SR1_touches"":{""value"":3,""score"":50.0},""SR2_tightness"":{""value"":4.151197658775388,""score"":56.34319580560715},""SR3_recency"":{""value"":226,""score"":0.0},""SR4_price_location"":{""score"":66.71491707735761},""SR5_reaction"":{""value"":2.128661274616224,""score"":100},""_score"":55.13,""_levels_found"":9,""_target_level"":413.2034},""volume"":{""V1_rvol_day"":{""value"":0.6521842563934007,""score"":10.145617092893382},""V2_rvol_sameslot"":{""value"":0.9772058554590616,""score"":31.813723697270774,""status"":""ok""},""V3_breakout_bar"":{""value"":1.8673659833366858,""score"":91.15773222244572},""V4_base_dryup"":{""value"":0.9550873048196974,""score"":54.49126951803026},""V5_bo_expansion"":{""value"":0.6521842563934007,""score"":0},""_score"":42.08},""readiness"":{""_distance_atr"":0.979,""BR1_atr_distance"":{""score"":34.726492535538185},""BR2_compression"":{""score"":44.35152983029202},""BR3_retest"":{""score"":50.0},""BR4_bo_age"":{""score"":50.0},""_score"":42.48},""risk"":{""R1_stop_clarity"":{""score"":41.00854179515151},""R2_stop_distance_pct"":{""value"":8.000980318697245,""score"":99.97549203256888},""R3_stop_distance_atr"":{""value"":1.6844732159021187,""score"":100.0},""R4_rr_potential"":{""value"":6.681739040856949,""score"":100.0},""_score"":79.35},""market"":{""M1_spy_regime"":{""score"":100.0},""M3_earnings_risk"":{""value"":null,""score"":80.0},""M4_vix"":{""value"":null,""score"":60.0},""_score"":84.0},""liquidity"":{""L1_price"":{""value"":400.38,""score"":100.0},""L2_dollar_vol"":{""value"":890879456.387952,""score"":100.0},""L3_spread_proxy"":{""value"":0.019006943403766314,""score"":80.99305659623369},""L4_volume_zscore"":{""value"":-0.7511435308076502,""score"":100.0},""_score"":98.1},""pattern_structure"":{""n_contractions"":5,""contractions_pct"":[27.8,11.22,13.75,21.64,10.75],""descending_strict"":false,""final_low"":373.955,""final_pivot"":419.0,""structural_low"":373.955,""dry_up_ratio"":0.8831476151236375,""current_price"":400.38,""neckline_distance_pct"":0.046505819471502084,""base_bars"":61},""pattern_geometry_features"":{""contraction_count"":5.0,""first_contraction_pct"":0.27796901893287435,""last_contraction_pct"":0.10750596658711221,""dry_up_ratio"":0.8831476151236375,""near_monotone"":0.0,""base_depth_pct"":0.34322420878850685},""_schema_version"":""1.0""}",,,,,,,,,,
20260429T042402Z-4f6251,2026-04-29T04:24:02.652419+00:00,TRMB,vcp,forming,51.66,26.2,55.1,69.3,54.4,27.5,36.4,61.0,84.0,97.7,3.94,13.78,8.31,6.53,3.58,2.55,3.05,5.04,4.89,True,risk_unclear,66.64,70.8,64.8524,76.88,"{""trend"":{""T1_ema_stack"":{""value"":[false,false,false],""score"":0.0},""T2_ema50_slope"":{""value"":-0.05493872859665389,""score"":40.84354523389102},""T3_high_proximity"":{""value"":0.9457848424638093,""score"":72.89242123190465},""T4_rs_1m"":{""value"":-0.06409838231609721,""score"":0},""T5_rs_3m"":{""value"":-0.07142891073854829,""score"":14.285544630725852},""T6_adr_healthy"":{""value"":2.5400843630096213,""score"":100.0},""_score"":26.25},""geometry"":{""sub_contraction_count"":100.0,""sub_reduction_rate"":14.1,""sub_pivot_tightness"":42.7,""sub_volume_dryup"":45.0,""sub_base_depth"":34.5,""sub_base_duration"":100.0,""_score"":55.13},""compression"":{""VC1_atr_ratio"":{""value"":0.3497138655293066,""score"":100},""VC2_range_contraction"":{""value"":0.7445872981168937,""score"":42.56878364718438},""VC3_range_pct_rank"":{""score"":57.49999999999999},""_score"":69.27},""sr_quality"":{""SR1_touches"":{""value"":3,""score"":50.0},""SR2_tightness"":{""value"":0.28452689777164364,""score"":69.11991496722348},""SR3_recency"":{""value"":235,""score"":0.0},""SR4_price_location"":{""score"":56.223612278135725},""SR5_reaction"":{""value"":2.4907761282737026,""score"":100},""_score"":54.42,""_levels_found"":7,""_target_level"":68.0467},""volume"":{""V1_rvol_day"":{""value"":1.0948609971989511,""score"":39.65739981326341},""V2_rvol_sameslot"":{""value"":0.6659909497383247,""score"":11.066063315888314,""status"":""ok""},""V3_breakout_bar"":{""value"":0.656958255825162,""score"":10.463883721677465},""V4_base_dryup"":{""value"":0.8096981850168686,""score"":69.03018149831314},""V5_bo_expansion"":{""value"":1.0948609971989511,""score"":6.324066479930075},""_score"":27.52},""readiness"":{""_distance_atr"":2.257,""BR1_atr_distance"":{""score"":0},""BR2_compression"":{""score"":75.47939512674489},""BR3_retest"":{""score"":50.0},""BR4_bo_age"":{""score"":50.0},""_score"":36.37},""risk"":{""R1_stop_clarity"":{""score"":0},""R2_stop_distance_pct"":{""value"":2.6824729891956745,""score"":100.0},""R3_stop_distance_atr"":{""value"":0.9700531028334413,""score"":73.50265514167207},""R4_rr_potential"":{""value"":5.728350861490271,""score"":100.0},""_score"":61.03},""market"":{""M1_spy_regime"":{""score"":100.0},""M3_earnings_risk"":{""value"":null,""score"":80.0},""M4_vix"":{""value"":null,""score"":60.0},""_score"":84.0},""liquidity"":{""L1_price"":{""value"":66.64,""score"":100.0},""L2_dollar_vol"":{""value"":112724463.70765215,""score"":100.0},""L3_spread_proxy"":{""value"":0.022584033613445523,""score"":77.41596638655447},""L4_volume_zscore"":{""value"":0.5792834491601124,""score"":100.0},""_score"":97.74},""pattern_structure"":{""n_contractions"":5,""contractions_pct"":[11.68,6.83,6.08,8.8,7.01],""descending_strict"":false,""final_low"":65.84,""final_pivot"":70.8,""structural_low"":65.84,""dry_up_ratio"":0.7752384843765046,""current_price"":66.64,""neckline_distance_pct"":0.06242496998799515,""base_bars"":61},""pattern_geometry_features"":{""contraction_count"":5.0,""first_contraction_pct"":0.11679644048943268,""last_contraction_pct"":0.07005649717514116,""dry_up_ratio"":0.7752384843765046,""near_monotone"":0.0,""base_depth_pct"":0.08453837597330364},""_schema_version"":""1.0""}",,,,,,,,,,
20260429T042402Z-4f6251,2026-04-29T04:24:02.652419+00:00,FBK,vcp,forming,51.62,41.1,58.2,59.4,50.6,27.2,27.1,65.0,84.0,79.8,6.16,14.55,7.12,6.07,3.53,1.9,3.25,5.04,3.99,True,risk_unclear,54.82,56.765,52.0375,66.3,"{""trend"":{""T1_ema_stack"":{""value"":[true,false,true],""score"":66.66666666666666},""T2_ema50_slope"":{""value"":3.2419264110443214e-05,""score"":50.005403210685074},""T3_high_proximity"":{""value"":0.889790618406103,""score"":44.89530920305146},""T4_rs_1m"":{""value"":-0.0518860596387527,""score"":0},""T5_rs_3m"":{""value"":-0.06439840506376737,""score"":17.800797468116315},""T6_adr_healthy"":{""value"":2.4341085149379844,""score"":100.0},""_score"":41.07},""geometry"":{""sub_contraction_count"":100.0,""sub_reduction_rate"":0,""sub_pivot_tightness"":43.9,""sub_volume_dryup"":44.0,""sub_base_depth"":100.0,""sub_base_duration"":100.0,""_score"":58.19},""compression"":{""VC1_atr_ratio"":{""value"":0.43436418378886876,""score"":100},""VC2_range_contraction"":{""value"":0.9179031570457034,""score"":13.682807159049442},""VC3_range_pct_rank"":{""score"":58.33333333333333},""_score"":59.37},""sr_quality"":{""SR1_touches"":{""value"":2,""score"":25.0},""SR2_tightness"":{""value"":0.3549999999999969,""score"":51.9150136081967},""SR3_recency"":{""value"":300,""score"":0.0},""SR4_price_location"":{""score"":81.33897652943445},""SR5_reaction"":{""value"":2.2112321206935093,""score"":100},""_score"":50.62,""_levels_found"":4,""_target_level"":55.305},""volume"":{""V1_rvol_day"":{""value"":0.6887778234970544,""score"":12.58518823313696},""V2_rvol_sameslot"":{""value"":0.6889237779543227,""score"":12.59491853028818,""status"":""ok""},""V3_breakout_bar"":{""value"":1.2067761325748592,""score"":47.118408838323944},""V4_base_dryup"":{""value"":0.9827367289589948,""score"":51.72632710410052},""V5_bo_expansion"":{""value"":0.6887778234970543,""score"":0},""_score"":27.16},""readiness"":{""_distance_atr"":1.317,""BR1_atr_distance"":{""score"":12.182818279757512},""BR2_compression"":{""score"":19.109223113955206},""BR3_retest"":{""score"":50.0},""BR4_bo_age"":{""score"":50.0},""_score"":27.15},""risk"":{""R1_stop_clarity"":{""score"":0},""R2_stop_distance_pct"":{""value"":5.075611090842766,""score"":100.0},""R3_stop_distance_atr"":{""value"":1.884423526561612,""score"":100.0},""R4_rr_potential"":{""value"":4.125860302970401,""score"":100.0},""_score"":65.0},""market"":{""M1_spy_regime"":{""score"":100.0},""M3_earnings_risk"":{""value"":null,""score"":80.0},""M4_vix"":{""value"":null,""score"":60.0},""_score"":84.0},""liquidity"":{""L1_price"":{""value"":54.82,""score"":100.0},""L2_dollar_vol"":{""value"":12616601.19915712,""score"":55.04711877846913},""L3_spread_proxy"":{""value"":0.021707406056183834,""score"":78.29259394381617},""L4_volume_zscore"":{""value"":-0.7973051005296301,""score"":100.0},""_score"":79.85},""pattern_structure"":{""n_contractions"":5,""contractions_pct"":[8.96,21.01,4.38,3.83,6.93],""descending_strict"":false,""final_low"":52.83,""final_pivot"":56.765,""structural_low"":52.83,""dry_up_ratio"":0.779859707127417,""current_price"":54.82,""neckline_distance_pct"":0.03547975191535936,""base_bars"":58},""pattern_geometry_features"":{""contraction_count"":5.0,""first_contraction_pct"":0.08955343542050831,""last_contraction_pct"":0.06932088434774954,""dry_up_ratio"":0.779859707127417,""near_monotone"":0.0,""base_depth_pct"":0.15289024292471745},""_schema_version"":""1.0""}",,,,,,,,,,
20260429T042402Z-4f6251,2026-04-29T04:24:02.652419+00:00,SRAD,double_bottom,forming,51.26,5.0,77.2,13.6,37.7,62.4,26.2,84.7,84.0,90.0,0.75,19.3,1.09,5.28,8.12,2.1,5.08,5.04,4.5,False,,12.35,14.105,11.4851,16.55,"{""trend"":{""T1_ema_stack"":{""value"":[false,false,false],""score"":0.0},""T2_ema50_slope"":{""value"":-0.6447840512690898,""score"":0},""T3_high_proximity"":{""value"":0.627221940071102,""score"":0},""T4_rs_1m"":{""value"":-0.4022634856949564,""score"":0},""T5_rs_3m"":{""value"":-0.35644627789652594,""score"":0},""T6_adr_healthy"":{""value"":7.930549776493893,""score"":100.0},""_score"":5.0},""geometry"":{""sub_low_similarity"":94.9,""sub_bounce_quality"":100,""sub_separation_fit"":100.0,""sub_right_bottom_reaction"":51.7,""sub_base_context"":30.0,""_score"":77.22},""compression"":{""VC1_atr_ratio"":{""value"":0.8659837707925142,""score"":33.50405730187145},""VC2_range_contraction"":{""value"":2.015601556732389,""score"":0},""VC3_range_pct_rank"":{""score"":0.8333333333333304},""_score"":13.61},""sr_quality"":{""SR1_touches"":{""value"":3,""score"":50.0},""SR2_tightness"":{""value"":0.39867140465411965,""score"":44.269598949998255},""SR3_recency"":{""value"":238,""score"":0.0},""SR4_price_location"":{""score"":18.676984523215125},""SR5_reaction"":{""value"":1.5190547512065236,""score"":75.95273756032618},""_score"":37.7,""_levels_found"":6,""_target_level"":16.2283},""volume"":{""V1_rvol_day"":{""value"":2.278600952820218,""score"":100},""V2_rvol_sameslot"":{""value"":2.056747142835469,""score"":100,""status"":""ok""},""V3_breakout_bar"":{""value"":1.078766259497197,""score"":38.584417299813126},""V4_base_dryup"":{""value"":1.824865473828145,""score"":0},""V5_bo_expansion"":{""value"":2.278600952820218,""score"":85.24006352134785},""_score"":62.43},""readiness"":{""_distance_atr"":1.227,""BR1_atr_distance"":{""score"":18.222666000998473},""BR2_compression"":{""score"":5.620873653501909},""BR3_retest"":{""score"":50.0},""BR4_bo_age"":{""score"":50.0},""_score"":26.19},""risk"":{""R1_stop_clarity"":{""score"":75.55067398901635},""R2_stop_distance_pct"":{""value"":7.003238866396765,""score"":100.0},""R3_stop_distance_atr"":{""value"":0.6045232151772344,""score"":55.22616075886172},""R4_rr_potential"":{""value"":4.8560527228581325,""score"":100.0},""_score"":84.73},""market"":{""M1_spy_regime"":{""score"":100.0},""M3_earnings_risk"":{""value"":null,""score"":80.0},""M4_vix"":{""value"":null,""score"":60.0},""_score"":84.0},""liquidity"":{""L1_price"":{""value"":12.35,""score"":100.0},""L2_dollar_vol"":{""value"":138743305.9719694,""score"":100.0},""L3_spread_proxy"":{""value"":0.15870445344129547,""score"":0},""L4_volume_zscore"":{""value"":1.021850330205944,""score"":100.0},""_score"":90.0},""pattern_structure"":{""left_low"":11.69,""left_idx"":53,""right_low"":11.66,""right_idx"":75,""separation_bars"":22,""structural_low"":11.66,""current_price"":12.03,""neckline_distance_pct"":0.17248545303408155,""base_bars"":22},""pattern_geometry_features"":{""low_similarity_pct"":0.0025695931477515512,""bounce_pct"":0.20969125214408235,""right_bottom_reaction"":0.5168539325842703,""atr_pct"":0.11584731058415271},""_schema_version"":""1.0""}",,,,,,,,,,
20260429T042402Z-4f6251,2026-04-29T04:24:02.652419+00:00,BTU,vcp,forming,51.25,13.3,56.3,82.5,51.6,24.0,35.8,78.7,84.0,89.4,2.0,14.09,9.9,6.19,3.12,2.51,3.94,5.04,4.47,False,,26.9,40.12,24.822,46.72,"{""trend"":{""T1_ema_stack"":{""value"":[false,false,true],""score"":33.33333333333333},""T2_ema50_slope"":{""value"":-0.7224493265689637,""score"":0},""T3_high_proximity"":{""value"":0.6810126582278481,""score"":0},""T4_rs_1m"":{""value"":-0.4413674455429101,""score"":0},""T5_rs_3m"":{""value"":-0.2779341050050207,""score"":0},""T6_adr_healthy"":{""value"":4.707876403503302,""score"":100.0},""_score"":13.33},""geometry"":{""sub_contraction_count"":100.0,""sub_reduction_rate"":0,""sub_pivot_tightness"":0,""sub_volume_dryup"":75.6,""sub_base_depth"":100.0,""sub_base_duration"":100.0,""_score"":56.34},""compression"":{""VC1_atr_ratio"":{""value"":0.3611163032518204,""score"":100},""VC2_range_contraction"":{""value"":0.6218766410411789,""score"":63.02055982647019},""VC3_range_pct_rank"":{""score"":81.66666666666667},""_score"":82.47},""sr_quality"":{""SR1_touches"":{""value"":2,""score"":25.0},""SR2_tightness"":{""value"":0.2599999999999998,""score"":58.150818013543535},""SR3_recency"":{""value"":310,""score"":0.0},""SR4_price_location"":{""score"":81.34715025906738},""SR5_reaction"":{""value"":3.045533979466308,""score"":100},""_score"":51.56,""_levels_found"":6,""_target_level"":27.26},""volume"":{""V1_rvol_day"":{""value"":0.5221329423825813,""score"":1.4755294921720896},""V2_rvol_sameslot"":{""value"":0.47498681432692713,""score"":0,""status"":""ok""},""V3_breakout_bar"":{""value"":1.0840461482079118,""score"":38.93640988052745},""V4_base_dryup"":{""value"":0.8000416746896297,""score"":69.99583253103702},""V5_bo_expansion"":{""value"":0.5221329423825812,""score"":0},""_score"":24.03},""readiness"":{""_distance_atr"":10.639,""BR1_atr_distance"":{""score"":0},""BR2_compression"":{""score"":73.26888592279911},""BR3_retest"":{""score"":50.0},""BR4_bo_age"":{""score"":50.0},""_score"":35.82},""risk"":{""R1_stop_clarity"":{""score"":39.15772772738245},""R2_stop_distance_pct"":{""value"":7.7249070631970245,""score"":100.0},""R3_stop_distance_atr"":{""value"":1.6723576955357036,""score"":100.0},""R4_rr_potential"":{""value"":9.53801732435034,""score"":100.0},""_score"":78.71},""market"":{""M1_spy_regime"":{""score"":100.0},""M3_earnings_risk"":{""value"":null,""score"":80.0},""M4_vix"":{""value"":null,""score"":60.0},""_score"":84.0},""liquidity"":{""L1_price"":{""value"":26.9,""score"":100.0},""L2_dollar_vol"":{""value"":44236967.234375894,""score"":82.2892672636982},""L3_spread_proxy"":{""value"":0.034758364312267614,""score"":65.24163568773238},""L4_volume_zscore"":{""value"":-1.181199509164961,""score"":100.0},""_score"":89.44},""pattern_structure"":{""n_contractions"":5,""contractions_pct"":[7.48,15.94,12.86,13.03,37.19],""descending_strict"":false,""final_low"":25.2,""final_pivot"":40.12,""structural_low"":25.2,""dry_up_ratio"":0.6219879325806685,""current_price"":26.9,""neckline_distance_pct"":0.49144981412639405,""base_bars"":79},""pattern_geometry_features"":{""contraction_count"":5.0,""first_contraction_pct"":0.07484276729559745,""last_contraction_pct"":0.3718843469591226,""dry_up_ratio"":0.6219879325806685,""near_monotone"":0.0,""base_depth_pct"":0.2075471698113208},""_schema_version"":""1.0""}",,,,,,,,,,
20260429T042402Z-4f6251,2026-04-29T04:24:02.652419+00:00,MGNI,double_bottom,forming,51.2,34.7,53.5,64.2,57.4,23.2,40.9,66.0,84.0,83.2,5.21,13.37,5.13,8.03,3.02,3.27,3.96,5.04,4.16,False,,12.97,14.11,12.7755,15.25,"{""trend"":{""T1_ema_stack"":{""value"":[true,false,false],""score"":33.33333333333333},""T2_ema50_slope"":{""value"":-0.04692519482098899,""score"":42.179134196501835},""T3_high_proximity"":{""value"":0.8635153129161119,""score"":31.757656458055948},""T4_rs_1m"":{""value"":-0.009075382740715288,""score"":40.924617259284716},""T5_rs_3m"":{""value"":-0.16149891023078966,""score"":0},""T6_adr_healthy"":{""value"":4.611461697254766,""score"":100.0},""_score"":34.72},""geometry"":{""sub_low_similarity"":34.8,""sub_bounce_quality"":82.7,""sub_separation_fit"":6.7,""sub_right_bottom_reaction"":36.7,""sub_base_context"":100.0,""_score"":53.49},""compression"":{""VC1_atr_ratio"":{""value"":0.5786753372656025,""score"":100},""VC2_range_contraction"":{""value"":1.0290341895584896,""score"":0},""VC3_range_pct_rank"":{""score"":96.66666666666667},""_score"":64.17},""sr_quality"":{""SR1_touches"":{""value"":2,""score"":25.0},""SR2_tightness"":{""value"":0.015000000000000568,""score"":95.31511433351906},""SR3_recency"":{""value"":248,""score"":0.0},""SR4_price_location"":{""score"":82.38341968911936},""SR5_reaction"":{""value"":2.572783045175684,""score"":100},""_score"":57.39,""_levels_found"":7,""_target_level"":13.055},""volume"":{""V1_rvol_day"":{""value"":0.7666302487368158,""score"":17.77534991578772},""V2_rvol_sameslot"":{""value"":0.7369564713404461,""score"":15.797098089363072,""status"":""ok""},""V3_breakout_bar"":{""value"":0.8736387790661133,""score"":24.909251937740887},""V4_base_dryup"":{""value"":0.9860238783998482,""score"":51.397612160015186},""V5_bo_expansion"":{""value"":0.7666302487368158,""score"":0},""_score"":23.22},""readiness"":{""_distance_atr"":1.78,""BR1_atr_distance"":{""score"":0},""BR2_compression"":{""score"":93.51313636801531},""BR3_retest"":{""score"":50.0},""BR4_bo_age"":{""score"":50.0},""_score"":40.88},""risk"":{""R1_stop_clarity"":{""score"":39.23703290574467},""R2_stop_distance_pct"":{""value"":1.4999999999999964,""score"":87.49999999999991},""R3_stop_distance_atr"":{""value"":0.30381483547127663,""score"":40.19074177356383},""R4_rr_potential"":{""value"":11.719352351580584,""score"":100.0},""_score"":66.01},""market"":{""M1_spy_regime"":{""score"":100.0},""M3_earnings_risk"":{""value"":null,""score"":80.0},""M4_vix"":{""value"":null,""score"":60.0},""_score"":84.0},""liquidity"":{""L1_price"":{""value"":12.97,""score"":100.0},""L2_dollar_vol"":{""value"":19305082.88206071,""score"":64.28358352552048},""L3_spread_proxy"":{""value"":0.024672320740169642,""score"":75.32767925983036},""L4_volume_zscore"":{""value"":-0.8094733277436981,""score"":100.0},""_score"":83.25},""pattern_structure"":{""left_low"":13.4,""left_idx"":30,""right_low"":12.97,""right_idx"":74,""separation_bars"":44,""structural_low"":12.97,""current_price"":12.98,""neckline_distance_pct"":0.08705701078582427,""base_bars"":44},""pattern_geometry_features"":{""low_similarity_pct"":0.03261281759575273,""bounce_pct"":0.08789514263685418,""right_bottom_reaction"":0.3666666666666661,""atr_pct"":0.04937217755259388},""_schema_version"":""1.0""}",,,,,,,,,,
20260429T042402Z-4f6251,2026-04-29T04:24:02.652419+00:00,APP,inverse_head_shoulders,absent,51.17,38.5,46.2,67.7,56.8,23.6,41.1,78.0,84.0,95.2,4.62,12.94,5.42,7.96,3.31,3.29,4.68,4.2,4.76,False,,449.03,484.49,424.9487,537.56,"{""trend"":{""T1_ema_stack"":{""value"":[true,false,false],""score"":33.33333333333333},""T2_ema50_slope"":{""value"":-0.14372520810225434,""score"":26.045798649624277},""T3_high_proximity"":{""value"":0.7888236947508959,""score"":0},""T4_rs_1m"":{""value"":0.05555798647058485,""score"":100},""T5_rs_3m"":{""value"":-0.1972019742441149,""score"":0},""T6_adr_healthy"":{""value"":5.949980218199724,""score"":100.0},""_score"":38.54},""geometry"":{""sub_head_depth"":71.8,""sub_shoulder_price_sym"":25.8,""sub_shoulder_time_sym"":57.1,""sub_right_shoulder_reaction"":55.2,""sub_base_context"":30.0,""_score"":46.2},""compression"":{""VC1_atr_ratio"":{""value"":0.45783284732833207,""score"":100},""VC2_range_contraction"":{""value"":0.803791037620844,""score"":32.70149372985933},""VC3_range_pct_rank"":{""score"":65.0},""_score"":67.7},""sr_quality"":{""SR1_touches"":{""value"":4,""score"":75.0},""SR2_tightness"":{""value"":7.3639166718533735,""score"":42.158113527293516},""SR3_recency"":{""value"":226,""score"":0.0},""SR4_price_location"":{""score"":52.01136635968362},""SR5_reaction"":{""value"":4.176382271555177,""score"":100},""_score"":56.83,""_levels_found"":7,""_target_level"":484.0725},""volume"":{""V1_rvol_day"":{""value"":0.6710644920403953,""score"":11.404299469359687},""V2_rvol_sameslot"":{""value"":0.6232512595634635,""score"":8.216750637564234,""status"":""ok""},""V3_breakout_bar"":{""value"":0.8003665359550091,""score"":20.024435730333938},""V4_base_dryup"":{""value"":0.7648881347652147,""score"":73.51118652347853},""V5_bo_expansion"":{""value"":0.6710644920403952,""score"":0},""_score"":23.63},""readiness"":{""_distance_atr"":1.393,""BR1_atr_distance"":{""score"":7.156594978780802},""BR2_compression"":{""score"":82.94239995986382},""BR3_retest"":{""score"":50.0},""BR4_bo_age"":{""score"":50.0},""_score"":41.1},""risk"":{""R1_stop_clarity"":{""score"":49.16941396668242},""R2_stop_distance_pct"":{""value"":5.362960158564003,""score"":100.0},""R3_stop_distance_atr"":{""value"":0.9457656046266828,""score"":72.28828023133414},""R4_rr_potential"":{""value"":3.676296545452288,""score"":100.0},""_score"":78.05},""market"":{""M1_spy_regime"":{""score"":100.0},""M3_earnings_risk"":{""value"":null,""score"":80.0},""M4_vix"":{""value"":null,""score"":60.0},""_score"":84.0},""liquidity"":{""L1_price"":{""value"":449.03,""score"":100.0},""L2_dollar_vol"":{""value"":1250619800.7692323,""score"":100.0},""L3_spread_proxy"":{""value"":0.0478807652049975,""score"":52.119234795002505},""L4_volume_zscore"":{""value"":-1.3351143373840029,""score"":100.0},""_score"":95.21},""pattern_structure"":{""left_shoulder"":468.5,""left_shoulder_idx"":70,""head"":431.42,""head_idx"":84,""right_shoulder"":441.5,""right_shoulder_idx"":95,""left_to_head_bars"":14,""head_to_right_bars"":11,""structural_low"":431.42,""current_price"":449.4,""neckline_distance_pct"":0.07808188696039171,""base_bars"":25},""pattern_geometry_features"":{""head_depth_pct"":0.05182417582417579,""shoulder_price_asymmetry"":0.05934065934065934,""shoulder_time_asymmetry"":0.21428571428571427,""right_shoulder_reaction"":0.5519268451992211,""atr_pct"":0.05670496085212252},""_schema_version"":""1.0""}",,,,,,,,,,
20260429T042402Z-4f6251,2026-04-29T04:24:02.652419+00:00,HBAN,double_bottom,forming,51.1,35.8,61.1,56.2,45.6,19.1,42.5,62.4,84.0,98.2,5.37,15.27,4.5,6.38,2.49,3.4,3.74,5.04,4.91,True,risk_unclear,16.55,17.345,16.1048,18.34,"{""trend"":{""T1_ema_stack"":{""value"":[true,false,false],""score"":33.33333333333333},""T2_ema50_slope"":{""value"":0.032253727116530136,""score"":55.37562118608835},""T3_high_proximity"":{""value"":0.8588479501816295,""score"":29.423975090814736},""T4_rs_1m"":{""value"":-0.024899997669962426,""score"":25.100002330037576},""T5_rs_3m"":{""value"":-0.0737805951098407,""score"":13.109702445079648},""T6_adr_healthy"":{""value"":2.1957659345716816,""score"":100.0},""_score"":35.81},""geometry"":{""sub_low_similarity"":84.2,""sub_bounce_quality"":44.1,""sub_separation_fit"":0.0,""sub_right_bottom_reaction"":46.7,""sub_base_context"":100.0,""_score"":61.09},""compression"":{""VC1_atr_ratio"":{""value"":0.3541620525835868,""score"":100},""VC2_range_contraction"":{""value"":1.0282071019172891,""score"":0},""VC3_range_pct_rank"":{""score"":65.0},""_score"":56.25},""sr_quality"":{""SR1_touches"":{""value"":2,""score"":25.0},""SR2_tightness"":{""value"":0.03500000000000014,""score"":81.85185185185178},""SR3_recency"":{""value"":271,""score"":0.0},""SR4_price_location"":{""score"":43.22580645161283},""SR5_reaction"":{""value"":3.3055555555555527,""score"":100},""_score"":45.58,""_levels_found"":5,""_target_level"":17.1},""volume"":{""V1_rvol_day"":{""value"":0.7720199205018692,""score"":18.13466136679128},""V2_rvol_sameslot"":{""value"":0.4025249002657774,""score"":0,""status"":""ok""},""V3_breakout_bar"":{""value"":0.5549077720332656,""score"":3.6605181355510386},""V4_base_dryup"":{""value"":0.7708941568001075,""score"":72.91058431998925},""V5_bo_expansion"":{""value"":0.7720199205018692,""score"":0},""_score"":19.12},""readiness"":{""_distance_atr"":2.061,""BR1_atr_distance"":{""score"":0},""BR2_compression"":{""score"":100},""BR3_retest"":{""score"":50.0},""BR4_bo_age"":{""score"":50.0},""_score"":42.5},""risk"":{""R1_stop_clarity"":{""score"":0},""R2_stop_distance_pct"":{""value"":2.690332326283975,""score"":100.0},""R3_stop_distance_atr"":{""value"":1.1543518518518467,""score"":82.71759259259234},""R4_rr_potential"":{""value"":4.0202133632790655,""score"":100.0},""_score"":62.41},""market"":{""M1_spy_regime"":{""score"":100.0},""M3_earnings_risk"":{""value"":null,""score"":80.0},""M4_vix"":{""value"":null,""score"":60.0},""_score"":84.0},""liquidity"":{""L1_price"":{""value"":16.55,""score"":100.0},""L2_dollar_vol"":{""value"":286741004.98608667,""score"":100.0},""L3_spread_proxy"":{""value"":0.018126888217522702,""score"":81.8731117824773},""L4_volume_zscore"":{""value"":-0.8138884879881115,""score"":100.0},""_score"":98.19},""pattern_structure"":{""left_low"":16.48,""left_idx"":20,""right_low"":16.35,""right_idx"":67,""separation_bars"":47,""structural_low"":16.35,""current_price"":16.505,""neckline_distance_pct"":0.050893668585277184,""base_bars"":47},""pattern_geometry_features"":{""low_similarity_pct"":0.0079195857447456,""bounce_pct"":0.06085626911314969,""right_bottom_reaction"":0.466666666666673,""atr_pct"":0.02330599913681484},""_schema_version"":""1.0""}",,,,,,,,,,
20260429T042402Z-4f6251,2026-04-29T04:24:02.652419+00:00,KVYO,inverse_head_shoulders,forming,51.03,13.8,61.9,66.2,39.0,27.4,57.7,67.3,84.0,92.0,1.66,17.33,5.3,5.45,3.84,4.61,4.04,4.2,4.6,False,,19.94,20.81,18.2226,23.1199,"{""trend"":{""T1_ema_stack"":{""value"":[true,false,false],""score"":33.33333333333333},""T2_ema50_slope"":{""value"":-0.2854694856544557,""score"":2.4217523909240555},""T3_high_proximity"":{""value"":0.7749708511465216,""score"":0},""T4_rs_1m"":{""value"":-0.054356536550618895,""score"":0},""T5_rs_3m"":{""value"":-0.23887121497945074,""score"":0},""T6_adr_healthy"":{""value"":5.853983809257085,""score"":100.0},""_score"":13.82},""geometry"":{""sub_head_depth"":81.6,""sub_shoulder_price_sym"":29.0,""sub_shoulder_time_sym"":33.3,""sub_right_shoulder_reaction"":84.4,""sub_base_context"":100.0,""_score"":61.9},""compression"":{""VC1_atr_ratio"":{""value"":0.4664661329695828,""score"":100},""VC2_range_contraction"":{""value"":0.8573402369095784,""score"":23.776627181736938},""VC3_range_pct_rank"":{""score"":71.66666666666667},""_score"":66.24},""sr_quality"":{""SR1_touches"":{""value"":3,""score"":50.0},""SR2_tightness"":{""value"":0.25317925577652545,""score"":58.3386078718443},""SR3_recency"":{""value"":226,""score"":0.0},""SR4_price_location"":{""score"":0.8278297981937188},""SR5_reaction"":{""value"":3.0458201593029237,""score"":100},""_score"":38.96,""_levels_found"":8,""_target_level"":21.737},""volume"":{""V1_rvol_day"":{""value"":0.7699076524481404,""score"":17.993843496542695},""V2_rvol_sameslot"":{""value"":0.8144303712815594,""score"":20.962024752103957,""status"":""ok""},""V3_breakout_bar"":{""value"":1.2365623144326272,""score"":49.10415429550848},""V4_base_dryup"":{""value"":1.1326407092381048,""score"":36.73592907618952},""V5_bo_expansion"":{""value"":0.7699076524481404,""score"":0},""_score"":27.41},""readiness"":{""_distance_atr"":0.716,""BR1_atr_distance"":{""score"":52.279645976092915},""BR2_compression"":{""score"":76.99606393342472},""BR3_retest"":{""score"":50.0},""BR4_bo_age"":{""score"":50.0},""_score"":57.66},""risk"":{""R1_stop_clarity"":{""score"":54.33631095805078},""R2_stop_distance_pct"":{""value"":8.612846038114348,""score"":84.67884904714128},""R3_stop_distance_atr"":{""value"":1.4130173720894716,""score"":95.65086860447359},""R4_rr_potential"":{""value"":1.8515763495024282,""score"":42.57881747512141},""_score"":67.28},""market"":{""M1_spy_regime"":{""score"":100.0},""M3_earnings_risk"":{""value"":null,""score"":80.0},""M4_vix"":{""value"":null,""score"":60.0},""_score"":84.0},""liquidity"":{""L1_price"":{""value"":19.94,""score"":100.0},""L2_dollar_vol"":{""value"":62258681.557530865,""score"":89.7099959728405},""L3_spread_proxy"":{""value"":0.03911735205616856,""score"":60.882647943831444},""L4_volume_zscore"":{""value"":-0.7704351973559257,""score"":100.0},""_score"":91.97},""pattern_structure"":{""left_shoulder"":20.275,""left_shoulder_idx"":68,""head"":18.5001,""head_idx"":80,""right_shoulder"":19.155,""right_shoulder_idx"":88,""left_to_head_bars"":12,""head_to_right_bars"":8,""structural_low"":18.5001,""current_price"":20.05,""neckline_distance_pct"":0.03790523690773057,""base_bars"":20},""pattern_geometry_features"":{""head_depth_pct"":0.06162312959675375,""shoulder_price_asymmetry"":0.056809535886380796,""shoulder_time_asymmetry"":0.3333333333333333,""right_shoulder_reaction"":0.8435754189944127,""atr_pct"":0.06095357501074648},""_schema_version"":""1.0""}",,,,,,,,,,
20260429T042402Z-4f6251,2026-04-29T04:24:02.652419+00:00,HBAN,vcp,forming,50.91,35.8,58.6,56.2,45.6,19.2,42.5,64.9,84.0,98.2,5.37,14.66,6.75,5.47,2.5,2.98,3.25,5.04,4.91,True,risk_unclear,16.55,17.345,15.9767,20.035,"{""trend"":{""T1_ema_stack"":{""value"":[true,false,false],""score"":33.33333333333333},""T2_ema50_slope"":{""value"":0.032253727116530136,""score"":55.37562118608835},""T3_high_proximity"":{""value"":0.8588479501816295,""score"":29.423975090814736},""T4_rs_1m"":{""value"":-0.024899997669962426,""score"":25.100002330037576},""T5_rs_3m"":{""value"":-0.0737805951098407,""score"":13.109702445079648},""T6_adr_healthy"":{""value"":2.1957659345716816,""score"":100.0},""_score"":35.81},""geometry"":{""sub_contraction_count"":100.0,""sub_reduction_rate"":14.4,""sub_pivot_tightness"":50.1,""sub_volume_dryup"":21.9,""sub_base_depth"":92.3,""sub_base_duration"":100.0,""_score"":58.63},""compression"":{""VC1_atr_ratio"":{""value"":0.3541620525835868,""score"":100},""VC2_range_contraction"":{""value"":1.0282071019172891,""score"":0},""VC3_range_pct_rank"":{""score"":65.0},""_score"":56.25},""sr_quality"":{""SR1_touches"":{""value"":2,""score"":25.0},""SR2_tightness"":{""value"":0.03500000000000014,""score"":81.85185185185178},""SR3_recency"":{""value"":271,""score"":0.0},""SR4_price_location"":{""score"":43.22580645161283},""SR5_reaction"":{""value"":3.3055555555555527,""score"":100},""_score"":45.58,""_levels_found"":5,""_target_level"":17.1},""volume"":{""V1_rvol_day"":{""value"":0.7720199205018692,""score"":18.13466136679128},""V2_rvol_sameslot"":{""value"":0.4025249002657774,""score"":0,""status"":""ok""},""V3_breakout_bar"":{""value"":0.5549077720332656,""score"":3.6605181355510386},""V4_base_dryup"":{""value"":0.7671827971602502,""score"":73.28172028397498},""V5_bo_expansion"":{""value"":0.7720199205018692,""score"":0},""_score"":19.2},""readiness"":{""_distance_atr"":2.061,""BR1_atr_distance"":{""score"":0},""BR2_compression"":{""score"":100},""BR3_retest"":{""score"":50.0},""BR4_bo_age"":{""score"":50.0},""_score"":42.5},""risk"":{""R1_stop_clarity"":{""score"":0},""R2_stop_distance_pct"":{""value"":3.4640483383685887,""score"":100.0},""R3_stop_distance_atr"":{""value"":1.4863333333333375,""score"":99.31666666666688},""R4_rr_potential"":{""value"":6.0788417931274905,""score"":100.0},""_score"":64.9},""market"":{""M1_spy_regime"":{""score"":100.0},""M3_earnings_risk"":{""value"":null,""score"":80.0},""M4_vix"":{""value"":null,""score"":60.0},""_score"":84.0},""liquidity"":{""L1_price"":{""value"":16.55,""score"":100.0},""L2_dollar_vol"":{""value"":286741004.98608667,""score"":100.0},""L3_spread_proxy"":{""value"":0.018126888217522702,""score"":81.8731117824773},""L4_volume_zscore"":{""value"":-0.8138884879881115,""score"":100.0},""_score"":98.19},""pattern_structure"":{""n_contractions"":5,""contractions_pct"":[11.08,12.28,9.46,4.96,6.49],""descending_strict"":false,""final_low"":16.22,""final_pivot"":17.345,""structural_low"":16.22,""dry_up_ratio"":0.890353148478955,""current_price"":16.55,""neckline_distance_pct"":0.04803625377643493,""base_bars"":64},""pattern_geometry_features"":{""contraction_count"":5.0,""first_contraction_pct"":0.11078794288736113,""last_contraction_pct"":0.06486019025655809,""dry_up_ratio"":0.890353148478955,""near_monotone"":0.0,""base_depth_pct"":0.14225277630883137},""_schema_version"":""1.0""}",,,,,,,,,,
20260429T042402Z-4f6251,2026-04-29T04:24:02.652419+00:00,AGYS,inverse_head_shoulders,forming,50.8,5.0,63.7,58.7,56.0,23.6,57.8,64.1,84.0,76.8,0.6,17.84,4.69,7.85,3.31,4.62,3.85,4.2,3.84,False,,66.49,69.185,60.9961,76.445,"{""trend"":{""T1_ema_stack"":{""value"":[false,false,false],""score"":0.0},""T2_ema50_slope"":{""value"":-0.6416529193152151,""score"":0},""T3_high_proximity"":{""value"":0.744985994397759,""score"":0},""T4_rs_1m"":{""value"":-0.17751723607145464,""score"":0},""T5_rs_3m"":{""value"":-0.2915077661757908,""score"":0},""T6_adr_healthy"":{""value"":4.724871785558253,""score"":100.0},""_score"":5.0},""geometry"":{""sub_head_depth"":89.9,""sub_shoulder_price_sym"":51.9,""sub_shoulder_time_sym"":45.5,""sub_right_shoulder_reaction"":94.3,""sub_base_context"":30.0,""_score"":63.73},""compression"":{""VC1_atr_ratio"":{""value"":0.39396843369905193,""score"":100},""VC2_range_contraction"":{""value"":0.9371252418353023,""score"":10.479126360782946},""VC3_range_pct_rank"":{""score"":60.0},""_score"":58.67},""sr_quality"":{""SR1_touches"":{""value"":3,""score"":50.0},""SR2_tightness"":{""value"":0.7442221890448231,""score"":49.57563624268906},""SR3_recency"":{""value"":242,""score"":0.0},""SR4_price_location"":{""score"":74.44487728866362},""SR5_reaction"":{""value"":2.8682716404884445,""score"":100},""_score"":56.05,""_levels_found"":7,""_target_level"":68.13},""volume"":{""V1_rvol_day"":{""value"":0.5687388135620328,""score"":4.582587570802188},""V2_rvol_sameslot"":{""value"":0.4289837795975736,""score"":0,""status"":""ok""},""V3_breakout_bar"":{""value"":1.2030181824013888,""score"":46.86787882675925},""V4_base_dryup"":{""value"":0.9506003298474247,""score"":54.93996701525753},""V5_bo_expansion"":{""value"":0.5687388135620328,""score"":0},""_score"":23.62},""readiness"":{""_distance_atr"":0.913,""BR1_atr_distance"":{""score"":39.13392069987102},""BR2_compression"":{""score"":98.55679980591907},""BR3_retest"":{""score"":50.0},""BR4_bo_age"":{""score"":50.0},""_score"":57.79},""risk"":{""R1_stop_clarity"":{""score"":37.06458692774728},""R2_stop_distance_pct"":{""value"":8.262708677996686,""score"":93.43228305008284},""R3_stop_distance_atr"":{""value"":1.8611723455380051,""score"":100.0},""R4_rr_potential"":{""value"":1.812017929057363,""score"":40.60089645286815},""_score"":64.12},""market"":{""M1_spy_regime"":{""score"":100.0},""M3_earnings_risk"":{""value"":null,""score"":80.0},""M4_vix"":{""value"":null,""score"":60.0},""_score"":84.0},""liquidity"":{""L1_price"":{""value"":66.49,""score"":100.0},""L2_dollar_vol"":{""value"":10275756.061803209,""score"":50.59068929572233},""L3_spread_proxy"":{""value"":0.034591667919987926,""score"":65.40833208001207},""L4_volume_zscore"":{""value"":-1.1123832284414827,""score"":100.0},""_score"":76.78},""pattern_structure"":{""left_shoulder"":67.86,""left_shoulder_idx"":69,""head"":61.925,""head_idx"":80,""right_shoulder"":65.3,""right_shoulder_idx"":88,""left_to_head_bars"":11,""head_to_right_bars"":8,""structural_low"":61.925,""current_price"":66.42,""neckline_distance_pct"":0.04162902740138513,""base_bars"":19},""pattern_geometry_features"":{""head_depth_pct"":0.06991589065785524,""shoulder_price_asymmetry"":0.03844998498047465,""shoulder_time_asymmetry"":0.2727272727272727,""right_shoulder_reaction"":0.9427728093748597,""atr_pct"":0.04439518294910083},""_schema_version"":""1.0""}",,,,,,,,,,
20260429T042402Z-4f6251,2026-04-29T04:24:02.652419+00:00,ARLP,double_bottom,setup,50.79,48.9,48.0,44.4,49.3,44.2,46.7,40.1,84.0,81.0,7.34,12.01,3.55,6.9,5.75,3.74,2.41,5.04,4.05,True,risk_unclear,26.47,25.9899,24.1325,27.4798,"{""trend"":{""T1_ema_stack"":{""value"":[true,false,true],""score"":66.66666666666666},""T2_ema50_slope"":{""value"":-0.09701610654256396,""score"":33.83064890957267},""T3_high_proximity"":{""value"":0.9130734736115902,""score"":56.53673680579507},""T4_rs_1m"":{""value"":-0.20930663015916795,""score"":0},""T5_rs_3m"":{""value"":0.06021095849713731,""score"":80.10547924856866},""T6_adr_healthy"":{""value"":2.8691982161189835,""score"":100.0},""_score"":48.93},""geometry"":{""sub_low_similarity"":35.0,""sub_bounce_quality"":44.0,""sub_separation_fit"":0.0,""sub_right_bottom_reaction"":58.3,""sub_base_context"":100.0,""_score"":48.05},""compression"":{""VC1_atr_ratio"":{""value"":0.5824813378804159,""score"":100},""VC2_range_contraction"":{""value"":0.9604240022212448,""score"":6.5959996297925345},""VC3_range_pct_rank"":{""score"":8.333333333333337},""_score"":44.39},""sr_quality"":{""SR1_touches"":{""value"":4,""score"":75.0},""SR2_tightness"":{""value"":0.2014004142870623,""score"":47.287727727000636},""SR3_recency"":{""value"":240,""score"":0.0},""SR4_price_location"":{""score"":20.679258388122847},""SR5_reaction"":{""value"":1.938395602957535,""score"":96.91978014787675},""_score"":49.3,""_levels_found"":7,""_target_level"":27.3075},""volume"":{""V1_rvol_day"":{""value"":1.6367576455552062,""score"":75.78384303701374},""V2_rvol_sameslot"":{""value"":1.1423957155058382,""score"":42.82638103372254,""status"":""ok""},""V3_breakout_bar"":{""value"":0.7210332784266219,""score"":14.735551895108125},""V4_base_dryup"":{""value"":0.9766466770840792,""score"":52.33533229159208},""V5_bo_expansion"":{""value"":1.6367576455552062,""score"":42.45050970368041},""_score"":44.24},""readiness"":{""_distance_atr"":-0.628,""BR1_atr_distance"":{""score"":47.43440424000523},""BR2_compression"":{""score"":40.981921022107684},""BR3_retest"":{""score"":50.0},""BR4_bo_age"":{""score"":50.0},""_score"":46.72},""risk"":{""R1_stop_clarity"":{""score"":3.8146960675260857},""R2_stop_distance_pct"":{""value"":8.830751794484316,""score"":79.2312051378921},""R3_stop_distance_atr"":{""value"":3.0589543937708545,""score"":100.0},""R4_rr_potential"":{""value"":0.4319999999999996,""score"":0.0},""_score"":40.1},""market"":{""M1_spy_regime"":{""score"":100.0},""M3_earnings_risk"":{""value"":null,""score"":80.0},""M4_vix"":{""value"":null,""score"":60.0},""_score"":84.0},""liquidity"":{""L1_price"":{""value"":26.47,""score"":100.0},""L2_dollar_vol"":{""value"":17896476.48021117,""score"":62.638376700304036},""L3_spread_proxy"":{""value"":0.04004533434076308,""score"":59.95466565923692},""L4_volume_zscore"":{""value"":1.3499005423512713,""score"":100.0},""_score"":81.05},""pattern_structure"":{""left_low"":25.31,""left_idx"":18,""right_low"":24.5,""right_idx"":68,""separation_bars"":50,""structural_low"":24.5,""current_price"":26.58,""neckline_distance_pct"":-0.022200902934537234,""base_bars"":50},""pattern_geometry_features"":{""low_similarity_pct"":0.03252358964063436,""bounce_pct"":0.06081224489795913,""right_bottom_reaction"":0.5833333333333344,""atr_pct"":0.02886853041178693},""_schema_version"":""1.0""}",,,,,,,,,,
20260429T042402Z-4f6251,2026-04-29T04:24:02.652419+00:00,NIC,vcp,absent,50.77,54.0,35.0,52.3,63.6,46.5,36.2,46.4,84.0,81.6,8.11,8.75,6.27,7.63,6.04,2.53,2.32,5.04,4.08,True,risk_unclear,148.58,161.0,140.3527,152.5,"{""trend"":{""T1_ema_stack"":{""value"":[false,true,true],""score"":66.66666666666666},""T2_ema50_slope"":{""value"":0.14635150514225131,""score"":74.39191752370856},""T3_high_proximity"":{""value"":0.9207411538699882,""score"":60.37057693499409},""T4_rs_1m"":{""value"":-0.09214851314532457,""score"":0},""T5_rs_3m"":{""value"":0.012613086707997434,""score"":56.30654335399872},""T6_adr_healthy"":{""value"":2.465941031758525,""score"":100.0},""_score"":54.05},""geometry"":{""sub_contraction_count"":100.0,""sub_reduction_rate"":0,""sub_pivot_tightness"":0,""sub_volume_dryup"":0,""sub_base_depth"":0.0,""sub_base_duration"":100.0,""_score"":35.0},""compression"":{""VC1_atr_ratio"":{""value"":0.5977421945953801,""score"":100},""VC2_range_contraction"":{""value"":1.1009900785571476,""score"":0},""VC3_range_pct_rank"":{""score"":49.16666666666667},""_score"":52.29},""sr_quality"":{""SR1_touches"":{""value"":3,""score"":50.0},""SR2_tightness"":{""value"":0.578638248150096,""score"":73.9778725862804},""SR3_recency"":{""value"":244,""score"":0.0},""SR4_price_location"":{""score"":90.75052854122653},""SR5_reaction"":{""value"":1.9753653518443857,""score"":98.76826759221929},""_score"":63.6,""_levels_found"":6,""_target_level"":149.1633},""volume"":{""V1_rvol_day"":{""value"":0.6338835403968118,""score"":8.925569359787456},""V2_rvol_sameslot"":{""value"":1.5585592962099515,""score"":70.5706197473301,""status"":""ok""},""V3_breakout_bar"":{""value"":1.5489398109837622,""score"":69.92932073225082},""V4_base_dryup"":{""value"":0.846739668836355,""score"":65.3260331163645},""V5_bo_expansion"":{""value"":0.6338835403968117,""score"":0},""_score"":46.45},""readiness"":{""_distance_atr"":2.793,""BR1_atr_distance"":{""score"":0},""BR2_compression"":{""score"":74.63214753147562},""BR3_retest"":{""score"":50.0},""BR4_bo_age"":{""score"":50.0},""_score"":36.16},""risk"":{""R1_stop_clarity"":{""score"":3.8805433178236655},""R2_stop_distance_pct"":{""value"":5.537319962309867,""score"":100.0},""R3_stop_distance_atr"":{""value"":1.8499740611834852,""score"":100.0},""R4_rr_potential"":{""value"":0.47645961336274584,""score"":0.0},""_score"":46.36},""market"":{""M1_spy_regime"":{""score"":100.0},""M3_earnings_risk"":{""value"":null,""score"":80.0},""M4_vix"":{""value"":null,""score"":60.0},""_score"":84.0},""liquidity"":{""L1_price"":{""value"":148.58,""score"":100.0},""L2_dollar_vol"":{""value"":16299205.534739383,""score"":60.60832181440805},""L3_spread_proxy"":{""value"":0.026045901198007815,""score"":73.95409880199219},""L4_volume_zscore"":{""value"":-0.6989864998221745,""score"":100.0},""_score"":81.64},""pattern_structure"":{""n_contractions"":5,""contractions_pct"":[10.96,12.71,9.2,4.01,11.5],""descending_strict"":false,""final_low"":142.49,""final_pivot"":161.0,""structural_low"":142.49,""dry_up_ratio"":1.1701643516891085,""current_price"":148.58,""neckline_distance_pct"":0.08359133126934976,""base_bars"":89},""pattern_geometry_features"":{""contraction_count"":5.0,""first_contraction_pct"":0.10956041495634007,""last_contraction_pct"":0.11496894409937883,""dry_up_ratio"":1.1701643516891085,""near_monotone"":0.0,""base_depth_pct"":-0.06343756996790804},""_schema_version"":""1.0""}",,,,,,,,,,
20260429T042402Z-4f6251,2026-04-29T04:24:02.652419+00:00,NTSK,vcp,forming,50.77,33.3,50.0,77.4,40.3,23.6,64.0,46.1,84.0,85.2,5.0,12.5,9.28,4.84,3.06,4.48,2.3,5.04,4.26,False,,9.98,10.09,8.274,13.62,"{""trend"":{""T1_ema_stack"":{""value"":[true,false,false],""score"":33.33333333333333},""T2_ema50_slope"":{""value"":-0.5794782263078493,""score"":0},""T3_high_proximity"":{""value"":0.6198757763975155,""score"":0},""T4_rs_1m"":{""value"":0.16869363490970746,""score"":100},""T5_rs_3m"":{""value"":-0.39004419919987754,""score"":0},""T6_adr_healthy"":{""value"":6.25787848454416,""score"":100.0},""_score"":33.33},""geometry"":{""sub_contraction_count"":100.0,""sub_reduction_rate"":2.5,""sub_pivot_tightness"":0,""sub_volume_dryup"":29.2,""sub_base_depth"":100.0,""sub_base_duration"":100.0,""_score"":50.0},""compression"":{""VC1_atr_ratio"":{""value"":0.323214744438317,""score"":100},""VC2_range_contraction"":{""value"":0.6988067443514882,""score"":50.19887594141864},""VC3_range_pct_rank"":{""score"":79.16666666666666},""_score"":77.36},""sr_quality"":{""SR1_touches"":{""value"":2,""score"":25.0},""SR2_tightness"":{""value"":0.03500000000000014,""score"":87.89076980106259},""SR3_recency"":{""value"":75,""score"":25.0},""SR4_price_location"":{""score"":3.5627530364372024},""SR5_reaction"":{""value"":4.329049796120103,""score"":100},""_score"":40.32,""_levels_found"":4,""_target_level"":11.965},""volume"":{""V1_rvol_day"":{""value"":0.6761462934790687,""score"":11.743086231937916},""V2_rvol_sameslot"":{""value"":0.8408485969782832,""score"":22.72323979855221,""status"":""ok""},""V3_breakout_bar"":{""value"":1.5001732281817817,""score"":66.67821521211877},""V4_base_dryup"":{""value"":1.8452933792912556,""score"":0},""V5_bo_expansion"":{""value"":0.6761462934790687,""score"":0},""_score"":23.56},""readiness"":{""_distance_atr"":0.19,""BR1_atr_distance"":{""score"":87.31413979158951},""BR2_compression"":{""score"":46.41273556480528},""BR3_retest"":{""score"":50.0},""BR4_bo_age"":{""score"":50.0},""_score"":64.03},""risk"":{""R1_stop_clarity"":{""score"":56.40677128382573},""R2_stop_distance_pct"":{""value"":17.094188376753504,""score"":0.0},""R3_stop_distance_atr"":{""value"":2.9511923884838738,""score"":100.0},""R4_rr_potential"":{""value"":2.1336459554513483,""score"":56.682297772567416},""_score"":46.08},""market"":{""M1_spy_regime"":{""score"":100.0},""M3_earnings_risk"":{""value"":null,""score"":80.0},""M4_vix"":{""value"":null,""score"":60.0},""_score"":84.0},""liquidity"":{""L1_price"":{""value"":9.98,""score"":99.99},""L2_dollar_vol"":{""value"":29913286.64377002,""score"":73.79320663089742},""L3_spread_proxy"":{""value"":0.043086172344689345,""score"":56.913827655310655},""L4_volume_zscore"":{""value"":-1.0623958105806917,""score"":100.0},""_score"":85.21},""pattern_structure"":{""n_contractions"":5,""contractions_pct"":[23.51,18.33,31.28,22.02,16.75],""descending_strict"":false,""final_low"":8.4,""final_pivot"":10.09,""structural_low"":8.4,""dry_up_ratio"":0.853934355830723,""current_price"":9.98,""neckline_distance_pct"":0.011022044088176296,""base_bars"":33},""pattern_geometry_features"":{""contraction_count"":5.0,""first_contraction_pct"":0.23512154233025984,""last_contraction_pct"":0.1674925668979187,""dry_up_ratio"":0.853934355830723,""near_monotone"":0.0,""base_depth_pct"":0.29589270746018437},""_schema_version"":""1.0""}",,,,,,,,,,
20260429T042402Z-4f6251,2026-04-29T04:24:02.652419+00:00,WAY,cup_with_handle,forming,50.76,25.1,57.3,50.3,48.1,38.4,32.2,77.9,84.0,91.8,3.52,17.19,4.03,5.78,4.99,2.57,3.9,4.2,4.59,False,,25.23,27.1721,23.6843,32.5221,"{""trend"":{""T1_ema_stack"":{""value"":[true,false,false],""score"":33.33333333333333},""T2_ema50_slope"":{""value"":-0.20184757882485616,""score"":16.35873686252397},""T3_high_proximity"":{""value"":0.9134685010861694,""score"":56.73425054308468},""T4_rs_1m"":{""value"":-0.05058741048273774,""score"":0},""T5_rs_3m"":{""value"":-0.12924615482770374,""score"":0},""T6_adr_healthy"":{""value"":5.0347576425832266,""score"":100.0},""_score"":25.12},""geometry"":{""sub_cup_depth"":100.0,""sub_cup_duration"":100.0,""sub_rim_symmetry"":32.5,""sub_handle_shallowness"":4.1,""sub_handle_proportion"":100.0,""sub_u_shape"":33.3,""_score"":57.31},""compression"":{""VC1_atr_ratio"":{""value"":0.4521424958751757,""score"":100},""VC2_range_contraction"":{""value"":0.9516796017601824,""score"":8.053399706636267},""VC3_range_pct_rank"":{""score"":30.000000000000004},""_score"":50.32},""sr_quality"":{""SR1_touches"":{""value"":4,""score"":75.0},""SR2_tightness"":{""value"":0.3259888801784495,""score"":48.221977791663576},""SR3_recency"":{""value"":303,""score"":0.0},""SR4_price_location"":{""score"":13.624349901952462},""SR5_reaction"":{""value"":2.0251297614658084,""score"":100},""_score"":48.14,""_levels_found"":5,""_target_level"":33.6725},""volume"":{""V1_rvol_day"":{""value"":1.0852455929740934,""score"":39.016372864939555},""V2_rvol_sameslot"":{""value"":0.9170941142419595,""score"":27.8062742827973,""status"":""ok""},""V3_breakout_bar"":{""value"":1.2844705965053793,""score"":52.29803976702529},""V4_base_dryup"":{""value"":0.9469781582519928,""score"":55.302184174800715},""V5_bo_expansion"":{""value"":1.0852455929740936,""score"":5.683039531606241},""_score"":38.35},""readiness"":{""_distance_atr"":1.542,""BR1_atr_distance"":{""score"":0},""BR2_compression"":{""score"":58.65804596459142},""BR3_retest"":{""score"":50.0},""BR4_bo_age"":{""score"":50.0},""_score"":32.16},""risk"":{""R1_stop_clarity"":{""score"":42.71265280653478},""R2_stop_distance_pct"":{""value"":6.126337693222352,""score"":100.0},""R3_stop_distance_atr"":{""value"":1.227526448648495,""score"":86.37632243242474},""R4_rr_potential"":{""value"":4.717744674656706,""score"":100.0},""_score"":77.91},""market"":{""M1_spy_regime"":{""score"":100.0},""M3_earnings_risk"":{""value"":null,""score"":80.0},""M4_vix"":{""value"":null,""score"":60.0},""_score"":84.0},""liquidity"":{""L1_price"":{""value"":25.23,""score"":100.0},""L2_dollar_vol"":{""value"":65687318.00730792,""score"":90.87407650608009},""L3_spread_proxy"":{""value"":0.04538248117320648,""score"":54.61751882679352},""L4_volume_zscore"":{""value"":0.2601139309155985,""score"":100.0},""_score"":91.81},""pattern_structure"":{""left_rim"":26.285,""left_rim_idx"":132,""cup_bottom"":20.935,""cup_bottom_idx"":167,""right_rim"":27.1721,""right_rim_idx"":174,""handle_low"":24.045,""handle_bars"":5,""cup_bars"":42,""structural_low"":24.045,""current_price"":25.23,""neckline_distance_pct"":0.07697582243361077,""base_bars"":47},""pattern_geometry_features"":{""cup_depth_pct"":0.20353813962335937,""rim_symmetry_pct"":0.033749286665398524,""handle_depth_pct"":0.11508495846842896,""handle_to_cup_ratio"":0.11904761904761904,""cup_duration_bars"":42.0,""atr_pct"":0.04990798935507615,""u_shape_score"":0.16666666666666666},""_schema_version"":""1.0""}",,,,,,,,,,
20260429T042402Z-4f6251,2026-04-29T04:24:02.652419+00:00,KVYO,double_bottom,forming,50.76,13.8,59.0,66.2,39.0,33.6,57.7,75.8,84.0,92.0,2.07,14.76,5.3,5.45,4.37,4.61,4.55,5.04,4.6,False,,19.94,20.81,19.1878,22.14,"{""trend"":{""T1_ema_stack"":{""value"":[true,false,false],""score"":33.33333333333333},""T2_ema50_slope"":{""value"":-0.2854694856544557,""score"":2.4217523909240555},""T3_high_proximity"":{""value"":0.7749708511465216,""score"":0},""T4_rs_1m"":{""value"":-0.054356536550618895,""score"":0},""T5_rs_3m"":{""value"":-0.23887121497945074,""score"":0},""T6_adr_healthy"":{""value"":5.853983809257085,""score"":100.0},""_score"":13.82},""geometry"":{""sub_low_similarity"":20.0,""sub_bounce_quality"":54.7,""sub_separation_fit"":100.0,""sub_right_bottom_reaction"":47.4,""sub_base_context"":100.0,""_score"":59.05},""compression"":{""VC1_atr_ratio"":{""value"":0.4664661329695828,""score"":100},""VC2_range_contraction"":{""value"":0.8573402369095784,""score"":23.776627181736938},""VC3_range_pct_rank"":{""score"":71.66666666666667},""_score"":66.24},""sr_quality"":{""SR1_touches"":{""value"":3,""score"":50.0},""SR2_tightness"":{""value"":0.25317925577652545,""score"":58.3386078718443},""SR3_recency"":{""value"":226,""score"":0.0},""SR4_price_location"":{""score"":0.8278297981937188},""SR5_reaction"":{""value"":3.0458201593029237,""score"":100},""_score"":38.96,""_levels_found"":8,""_target_level"":21.737},""volume"":{""V1_rvol_day"":{""value"":0.7699076524481404,""score"":17.993843496542695},""V2_rvol_sameslot"":{""value"":0.8144303712815594,""score"":20.962024752103957,""status"":""ok""},""V3_breakout_bar"":{""value"":1.2365623144326272,""score"":49.10415429550848},""V4_base_dryup"":{""value"":0.8212511919356388,""score"":67.87488080643612},""V5_bo_expansion"":{""value"":0.7699076524481404,""score"":0},""_score"":33.64},""readiness"":{""_distance_atr"":0.716,""BR1_atr_distance"":{""score"":52.279645976092915},""BR2_compression"":{""score"":76.99606393342472},""BR3_retest"":{""score"":50.0},""BR4_bo_age"":{""score"":50.0},""_score"":57.66},""risk"":{""R1_stop_clarity"":{""score"":51.917629497290534},""R2_stop_distance_pct"":{""value"":3.7723169508525674,""score"":100.0},""R3_stop_distance_atr"":{""value"":0.6188836258066053,""score"":55.94418129033026},""R4_rr_potential"":{""value"":2.9247540547726536,""score"":96.23770273863268},""_score"":75.81},""market"":{""M1_spy_regime"":{""score"":100.0},""M3_earnings_risk"":{""value"":null,""score"":80.0},""M4_vix"":{""value"":null,""score"":60.0},""_score"":84.0},""liquidity"":{""L1_price"":{""value"":19.94,""score"":100.0},""L2_dollar_vol"":{""value"":62258681.557530865,""score"":89.7099959728405},""L3_spread_proxy"":{""value"":0.03911735205616856,""score"":60.882647943831444},""L4_volume_zscore"":{""value"":-0.7704351973559257,""score"":100.0},""_score"":91.97},""pattern_structure"":{""left_low"":20.275,""left_idx"":48,""right_low"":19.48,""right_idx"":74,""separation_bars"":26,""structural_low"":19.48,""current_price"":20.05,""neckline_distance_pct"":0.03790523690773057,""base_bars"":26},""pattern_geometry_features"":{""low_similarity_pct"":0.03999496918626579,""bounce_pct"":0.06827515400410669,""right_bottom_reaction"":0.47435897435897495,""atr_pct"":0.06095357501074648},""_schema_version"":""1.0""}",,,,,,,,,,
20260429T042402Z-4f6251,2026-04-29T04:24:02.652419+00:00,CNR,vcp,absent,50.56,15.9,48.6,84.6,57.6,26.2,32.9,74.4,84.0,89.9,2.39,12.15,10.15,6.92,3.41,2.3,3.72,5.04,4.49,False,,89.37,106.29,81.755,115.36,"{""trend"":{""T1_ema_stack"":{""value"":[false,false,true],""score"":33.33333333333333},""T2_ema50_slope"":{""value"":-0.22200443069613712,""score"":12.999261550643809},""T3_high_proximity"":{""value"":0.7892784597721452,""score"":0},""T4_rs_1m"":{""value"":-0.333101643998613,""score"":0},""T5_rs_3m"":{""value"":-0.10109707834306703,""score"":0},""T6_adr_healthy"":{""value"":4.490163147910939,""score"":100.0},""_score"":15.93},""geometry"":{""sub_contraction_count"":100.0,""sub_reduction_rate"":0,""sub_pivot_tightness"":0,""sub_volume_dryup"":58.3,""sub_base_depth"":48.5,""sub_base_duration"":100.0,""_score"":48.59},""compression"":{""VC1_atr_ratio"":{""value"":0.3707477656101803,""score"":100},""VC2_range_contraction"":{""value"":0.6574696579978457,""score"":57.08839033369239},""VC3_range_pct_rank"":{""score"":98.33333333333333},""_score"":84.56},""sr_quality"":{""SR1_touches"":{""value"":3,""score"":50.0},""SR2_tightness"":{""value"":0.2926379029145385,""score"":85.42536235929015},""SR3_recency"":{""value"":205,""score"":0.0},""SR4_price_location"":{""score"":59.36330227213269},""SR5_reaction"":{""value"":2.30509427250089,""score"":100},""_score"":57.65,""_levels_found"":6,""_target_level"":91.7511},""volume"":{""V1_rvol_day"":{""value"":0.48457640574031774,""score"":0},""V2_rvol_sameslot"":{""value"":0.4095452797522741,""score"":0,""status"":""ok""},""V3_breakout_bar"":{""value"":1.1312861972228934,""score"":42.08574648152623},""V4_base_dryup"":{""value"":0.7158217843342768,""score"":78.41782156657231},""V5_bo_expansion"":{""value"":0.48457640574031774,""score"":0},""_score"":26.21},""readiness"":{""_distance_atr"":4.213,""BR1_atr_distance"":{""score"":0},""BR2_compression"":{""score"":61.48652328738302},""BR3_retest"":{""score"":50.0},""BR4_bo_age"":{""score"":50.0},""_score"":32.87},""risk"":{""R1_stop_clarity"":{""score"":37.993596584845},""R2_stop_distance_pct"":{""value"":8.520756405952792,""score"":86.9810898511802},""R3_stop_distance_atr"":{""value"":1.8963002490217034,""score"":100.0},""R4_rr_potential"":{""value"":3.4130006565988134,""score"":100.0},""_score"":74.39},""market"":{""M1_spy_regime"":{""score"":100.0},""M3_earnings_risk"":{""value"":null,""score"":80.0},""M4_vix"":{""value"":null,""score"":60.0},""_score"":84.0},""liquidity"":{""L1_price"":{""value"":89.37,""score"":100.0},""L2_dollar_vol"":{""value"":39040864.24159665,""score"":79.57597115055499},""L3_spread_proxy"":{""value"":0.019469620678079995,""score"":80.53037932192001},""L4_volume_zscore"":{""value"":-1.2995579056288902,""score"":100.0},""_score"":89.88},""pattern_structure"":{""n_contractions"":5,""contractions_pct"":[5.5,16.67,11.0,11.02,21.91],""descending_strict"":false,""final_low"":83.0,""final_pivot"":106.29,""structural_low"":83.0,""dry_up_ratio"":0.7086984529122781,""current_price"":89.37,""neckline_distance_pct"":0.18932527693857,""base_bars"":80},""pattern_geometry_features"":{""contraction_count"":5.0,""first_contraction_pct"":0.05495818399044193,""last_contraction_pct"":0.21911750870260613,""dry_up_ratio"":0.7086984529122781,""near_monotone"":0.0,""base_depth_pct"":0.09851200173780812},""_schema_version"":""1.0""}",,,,,,,,,,
20260429T042402Z-4f6251,2026-04-29T04:24:02.652419+00:00,AIR,vcp,absent,50.41,54.6,45.1,49.6,42.2,39.8,23.7,72.0,84.0,89.2,8.19,11.28,5.95,5.06,5.17,1.66,3.6,5.04,4.46,False,,108.86,122.97,100.7261,128.53,"{""trend"":{""T1_ema_stack"":{""value"":[false,true,true],""score"":66.66666666666666},""T2_ema50_slope"":{""value"":0.30743855581656493,""score"":100},""T3_high_proximity"":{""value"":0.864036828319708,""score"":32.01841415985396},""T4_rs_1m"":{""value"":-0.10736844875910312,""score"":0},""T5_rs_3m"":{""value"":0.008848911117536495,""score"":54.424455558768244},""T6_adr_healthy"":{""value"":3.920146906287282,""score"":100.0},""_score"":54.63},""geometry"":{""sub_contraction_count"":100.0,""sub_reduction_rate"":0,""sub_pivot_tightness"":0,""sub_volume_dryup"":66.3,""sub_base_depth"":1.6,""sub_base_duration"":100.0,""_score"":45.1},""compression"":{""VC1_atr_ratio"":{""value"":0.5372752714142637,""score"":100},""VC2_range_contraction"":{""value"":0.9251240615085503,""score"":12.479323081908282},""VC3_range_pct_rank"":{""score"":20.833333333333336},""_score"":49.58},""sr_quality"":{""SR1_touches"":{""value"":2,""score"":25.0},""SR2_tightness"":{""value"":0.6649999999999991,""score"":72.49342250073497},""SR3_recency"":{""value"":244,""score"":0.0},""SR4_price_location"":{""score"":35.17670314835351},""SR5_reaction"":{""value"":4.124952543028885,""score"":100},""_score"":42.17,""_levels_found"":5,""_target_level"":122.305},""volume"":{""V1_rvol_day"":{""value"":1.1242445965850756,""score"":41.616306439005044},""V2_rvol_sameslot"":{""value"":1.2358470846350484,""score"":49.056472309003226,""status"":""ok""},""V3_breakout_bar"":{""value"":1.033738709901594,""score"":35.58258066010627},""V4_base_dryup"":{""value"":0.9252138426537408,""score"":57.47861573462592},""V5_bo_expansion"":{""value"":1.1242445965850756,""score"":8.282973105671704},""_score"":39.77},""readiness"":{""_distance_atr"":2.918,""BR1_atr_distance"":{""score"":0},""BR2_compression"":{""score"":24.81611677777473},""BR3_retest"":{""score"":50.0},""BR4_bo_age"":{""score"":50.0},""_score"":23.7},""risk"":{""R1_stop_clarity"":{""score"":36.552873344176305},""R2_stop_distance_pct"":{""value"":7.471890501561636,""score"":100.0},""R3_stop_distance_atr"":{""value"":1.6822236896336242,""score"":100.0},""R4_rr_potential"":{""value"":2.418274136638019,""score"":70.91370683190095},""_score"":71.98},""market"":{""M1_spy_regime"":{""score"":100.0},""M3_earnings_risk"":{""value"":null,""score"":80.0},""M4_vix"":{""value"":null,""score"":60.0},""_score"":84.0},""liquidity"":{""L1_price"":{""value"":108.86,""score"":100.0},""L2_dollar_vol"":{""value"":48275169.28500178,""score"":84.18619026903795},""L3_spread_proxy"":{""value"":0.044460775307734735,""score"":55.539224692265265},""L4_volume_zscore"":{""value"":0.578186706177411,""score"":100.0},""_score"":89.23},""pattern_structure"":{""n_contractions"":5,""contractions_pct"":[4.19,5.38,15.77,8.44,16.84],""descending_strict"":false,""final_low"":102.26,""final_pivot"":122.97,""structural_low"":102.26,""dry_up_ratio"":0.668320634572418,""current_price"":108.86,""neckline_distance_pct"":0.12961602057688773,""base_bars"":45},""pattern_geometry_features"":{""contraction_count"":5.0,""first_contraction_pct"":0.04192172138749765,""last_contraction_pct"":0.1684150605838822,""dry_up_ratio"":0.668320634572418,""near_monotone"":0.0,""base_depth_pct"":0.05156742719347049},""_schema_version"":""1.0""}",,,,,,,,,,
20260429T042402Z-4f6251,2026-04-29T04:24:02.652419+00:00,VSEC,double_bottom,forming,50.39,29.4,56.1,44.7,54.4,25.8,45.8,68.1,84.0,92.3,4.41,14.04,3.57,7.61,3.36,3.66,4.09,5.04,4.61,False,,176.11,188.86,173.9018,201.17,"{""trend"":{""T1_ema_stack"":{""value"":[false,false,true],""score"":33.33333333333333},""T2_ema50_slope"":{""value"":0.18166045012569465,""score"":80.27674168761578},""T3_high_proximity"":{""value"":0.7731583106506279,""score"":0},""T4_rs_1m"":{""value"":-0.0918341385299597,""score"":0},""T5_rs_3m"":{""value"":-0.19054278830695837,""score"":0},""T6_adr_healthy"":{""value"":5.397730616915584,""score"":100.0},""_score"":29.39},""geometry"":{""sub_low_similarity"":66.1,""sub_bounce_quality"":56.8,""sub_separation_fit"":100.0,""sub_right_bottom_reaction"":26.4,""sub_base_context"":30.0,""_score"":56.15},""compression"":{""VC1_atr_ratio"":{""value"":0.7367174409759529,""score"":65.82063975601177},""VC2_range_contraction"":{""value"":1.276931592297041,""score"":0},""VC3_range_pct_rank"":{""score"":73.33333333333334},""_score"":44.66},""sr_quality"":{""SR1_touches"":{""value"":3,""score"":50.0},""SR2_tightness"":{""value"":1.3610126948546686,""score"":75.73878278943415},""SR3_recency"":{""value"":278,""score"":0.0},""SR4_price_location"":{""score"":58.66388948448563},""SR5_reaction"":{""value"":1.7791690434475533,""score"":88.95845217237766},""_score"":54.37,""_levels_found"":5,""_target_level"":185.1067},""volume"":{""V1_rvol_day"":{""value"":0.639378050464309,""score"":9.29187003095393},""V2_rvol_sameslot"":{""value"":0.5224445942456711,""score"":1.4963062830447424,""status"":""ok""},""V3_breakout_bar"":{""value"":1.0013894555026237,""score"":33.42596370017492},""V4_base_dryup"":{""value"":0.7346205256149672,""score"":76.53794743850328},""V5_bo_expansion"":{""value"":0.6393780504643086,""score"":0},""_score"":25.82},""readiness"":{""_distance_atr"":1.136,""BR1_atr_distance"":{""score"":24.24010919610481},""BR2_compression"":{""score"":74.42543935474242},""BR3_retest"":{""score"":50.0},""BR4_bo_age"":{""score"":50.0},""_score"":45.8},""risk"":{""R1_stop_clarity"":{""score"":52.7926751008436},""R2_stop_distance_pct"":{""value"":1.2539038101186715,""score"":81.34759525296678},""R3_stop_distance_atr"":{""value"":0.1968197398443541,""score"":34.8409869922177},""R4_rr_potential"":{""value"":11.348352768029022,""score"":100.0},""_score"":68.11},""market"":{""M1_spy_regime"":{""score"":100.0},""M3_earnings_risk"":{""value"":null,""score"":80.0},""M4_vix"":{""value"":null,""score"":60.0},""_score"":84.0},""liquidity"":{""L1_price"":{""value"":176.11,""score"":100.0},""L2_dollar_vol"":{""value"":59714289.508402,""score"":88.80391346774536},""L3_spread_proxy"":{""value"":0.032650048265288736,""score"":67.34995173471125},""L4_volume_zscore"":{""value"":-0.8251826859221919,""score"":100.0},""_score"":92.26},""pattern_structure"":{""left_low"":179.57,""left_idx"":55,""right_low"":176.55,""right_idx"":68,""separation_bars"":13,""structural_low"":176.55,""current_price"":177.16,""neckline_distance_pct"":0.06604199593587727,""base_bars"":13},""pattern_geometry_features"":{""low_similarity_pct"":0.016960575087049207,""bounce_pct"":0.06972529028603795,""right_bottom_reaction"":0.2643678160919527,""atr_pct"":0.06370823430161345},""_schema_version"":""1.0""}",,,,,,,,,,
20260429T042402Z-4f6251,2026-04-29T04:24:02.652419+00:00,EBC,vcp,breakout_confirmed,50.38,50.4,47.6,62.9,40.8,28.8,56.2,23.7,84.0,91.4,7.56,11.9,7.55,4.89,3.75,3.93,1.19,5.04,4.57,True,risk_unclear,20.14,19.485,17.9999,21.401,"{""trend"":{""T1_ema_stack"":{""value"":[false,true,true],""score"":66.66666666666666},""T2_ema50_slope"":{""value"":0.14118674261402975,""score"":73.53112376900495},""T3_high_proximity"":{""value"":0.91670459717797,""score"":58.35229858898499},""T4_rs_1m"":{""value"":-0.06293770503325158,""score"":0},""T5_rs_3m"":{""value"":-0.02970634900992908,""score"":35.14682549503546},""T6_adr_healthy"":{""value"":2.2839707775673923,""score"":100.0},""_score"":50.4},""geometry"":{""sub_contraction_count"":100.0,""sub_reduction_rate"":0,""sub_pivot_tightness"":54.0,""sub_volume_dryup"":0,""sub_base_depth"":44.9,""sub_base_duration"":100.0,""_score"":47.59},""compression"":{""VC1_atr_ratio"":{""value"":0.4433399834330864,""score"":100},""VC2_range_contraction"":{""value"":1.1293030595098443,""score"":0},""VC3_range_pct_rank"":{""score"":91.66666666666666},""_score"":62.92},""sr_quality"":{""SR1_touches"":{""value"":3,""score"":50.0},""SR2_tightness"":{""value"":0.07363574011458156,""score"":71.04212467404099},""SR3_recency"":{""value"":234,""score"":0.0},""SR4_price_location"":{""score"":7.41079597438272},""SR5_reaction"":{""value"":1.7696629213483128,""score"":88.48314606741565},""_score"":40.78,""_levels_found"":6,""_target_level"":20.9833},""volume"":{""V1_rvol_day"":{""value"":0.8852848103079417,""score"":25.685654020529448},""V2_rvol_sameslot"":{""value"":1.1032245578640971,""score"":40.21497052427314,""status"":""ok""},""V3_breakout_bar"":{""value"":1.1101204673765819,""score"":40.67469782510546},""V4_base_dryup"":{""value"":1.225487558427032,""score"":27.4512441572968},""V5_bo_expansion"":{""value"":0.8852848103079417,""score"":0},""_score"":28.84},""readiness"":{""_distance_atr"":-1.288,""BR1_atr_distance"":{""score"":34.24157303370784},""BR2_compression"":{""score"":100},""BR3_retest"":{""score"":50.0},""BR4_bo_age"":{""score"":50.0},""_score"":56.2},""risk"":{""R1_stop_clarity"":{""score"":0},""R2_stop_distance_pct"":{""value"":10.626166832174775,""score"":34.34582919563063},""R3_stop_distance_atr"":{""value"":4.208081460674155,""score"":89.59592696629227},""R4_rr_potential"":{""value"":0.5892220493339124,""score"":0.0},""_score"":23.74},""market"":{""M1_spy_regime"":{""score"":100.0},""M3_earnings_risk"":{""value"":null,""score"":80.0},""M4_vix"":{""value"":null,""score"":60.0},""_score"":84.0},""liquidity"":{""L1_price"":{""value"":20.14,""score"":100.0},""L2_dollar_vol"":{""value"":43105397.387414604,""score"":81.72658265978923},""L3_spread_proxy"":{""value"":0.012835153922542102,""score"":87.1648460774579},""L4_volume_zscore"":{""value"":-0.1834198187633667,""score"":100.0},""_score"":91.41},""pattern_structure"":{""n_contractions"":5,""contractions_pct"":[10.65,5.74,4.71,13.75,6.22],""descending_strict"":false,""final_low"":18.274,""final_pivot"":19.485,""structural_low"":18.274,""dry_up_ratio"":1.6228597364157225,""current_price"":20.14,""neckline_distance_pct"":-0.0325223435948362,""base_bars"":66},""pattern_geometry_features"":{""contraction_count"":5.0,""first_contraction_pct"":0.10648836057454195,""last_contraction_pct"":0.062150372081087944,""dry_up_ratio"":1.6228597364157225,""near_monotone"":0.0,""base_depth_pct"":0.09489846458642894},""_schema_version"":""1.0""}",,,,,,,,,,
20260429T042402Z-4f6251,2026-04-29T04:24:02.652419+00:00,INTU,double_bottom,absent,50.33,13.3,50.0,72.8,55.1,36.2,42.5,71.0,84.0,98.1,2.0,12.49,5.82,7.72,4.7,3.4,4.26,5.04,4.91,False,,400.38,419.0,380.3381,451.87,"{""trend"":{""T1_ema_stack"":{""value"":[true,false,false],""score"":33.33333333333333},""T2_ema50_slope"":{""value"":-0.5532689790120651,""score"":0},""T3_high_proximity"":{""value"":0.7432337107852236,""score"":0},""T4_rs_1m"":{""value"":-0.16094508311952382,""score"":0},""T5_rs_3m"":{""value"":-0.2891895198233104,""score"":0},""T6_adr_healthy"":{""value"":4.105081878550483,""score"":100.0},""_score"":13.33},""geometry"":{""sub_low_similarity"":86.5,""sub_bounce_quality"":78.8,""sub_separation_fit"":0.0,""sub_right_bottom_reaction"":14.9,""sub_base_context"":30.0,""_score"":49.95},""compression"":{""VC1_atr_ratio"":{""value"":0.4333249410350468,""score"":100},""VC2_range_contraction"":{""value"":0.7916923455733832,""score"":34.71794240443614},""VC3_range_pct_rank"":{""score"":82.5},""_score"":72.78},""sr_quality"":{""SR1_touches"":{""value"":3,""score"":50.0},""SR2_tightness"":{""value"":4.151197658775388,""score"":56.34319580560715},""SR3_recency"":{""value"":226,""score"":0.0},""SR4_price_location"":{""score"":66.71491707735761},""SR5_reaction"":{""value"":2.128661274616224,""score"":100},""_score"":55.13,""_levels_found"":9,""_target_level"":413.2034},""volume"":{""V1_rvol_day"":{""value"":0.6521842563934007,""score"":10.145617092893382},""V2_rvol_sameslot"":{""value"":0.9772058554590616,""score"":31.813723697270774,""status"":""ok""},""V3_breakout_bar"":{""value"":1.8673659833366858,""score"":91.15773222244572},""V4_base_dryup"":{""value"":1.2511545285197792,""score"":24.88454714802208},""V5_bo_expansion"":{""value"":0.6521842563934007,""score"":0},""_score"":36.16},""readiness"":{""_distance_atr"":0.979,""BR1_atr_distance"":{""score"":34.726492535538185},""BR2_compression"":{""score"":44.35152983029202},""BR3_retest"":{""score"":50.0},""BR4_bo_age"":{""score"":50.0},""_score"":42.48},""risk"":{""R1_stop_clarity"":{""score"":39.087933690850384},""R2_stop_distance_pct"":{""value"":5.005732054548176,""score"":100.0},""R3_stop_distance_atr"":{""value"":1.0538735549898248,""score"":77.69367774949124},""R4_rr_potential"":{""value"":2.5691112890711754,""score"":78.45556445355876},""_score"":71.03},""market"":{""M1_spy_regime"":{""score"":100.0},""M3_earnings_risk"":{""value"":null,""score"":80.0},""M4_vix"":{""value"":null,""score"":60.0},""_score"":84.0},""liquidity"":{""L1_price"":{""value"":400.38,""score"":100.0},""L2_dollar_vol"":{""value"":890879456.387952,""score"":100.0},""L3_spread_proxy"":{""value"":0.019006943403766314,""score"":80.99305659623369},""L4_volume_zscore"":{""value"":-0.7511435308076502,""score"":100.0},""_score"":98.1},""pattern_structure"":{""left_low"":386.13,""left_idx"":27,""right_low"":388.75,""right_idx"":73,""separation_bars"":46,""structural_low"":386.13,""current_price"":401.755,""neckline_distance_pct"":0.042924170203233324,""base_bars"":46},""pattern_geometry_features"":{""low_similarity_pct"":0.006762337394177175,""bounce_pct"":0.08512677077668145,""right_bottom_reaction"":0.1493506493506435,""atr_pct"":0.047498412222674154},""_schema_version"":""1.0""}",,,,,,,,,,
20260429T042402Z-4f6251,2026-04-29T04:24:02.652419+00:00,FTAI,vcp,absent,50.31,22.8,35.0,45.2,66.5,75.6,35.0,62.8,84.0,85.8,3.42,8.75,5.43,7.98,9.83,2.45,3.14,5.04,4.29,False,,216.0,278.0,214.8876,243.96,"{""trend"":{""T1_ema_stack"":{""value"":[false,false,true],""score"":33.33333333333333},""T2_ema50_slope"":{""value"":-0.01607392329262016,""score"":47.32101278456331},""T3_high_proximity"":{""value"":0.6966842988001548,""score"":0},""T4_rs_1m"":{""value"":-0.2188412432336545,""score"":0},""T5_rs_3m"":{""value"":-0.2573354833558339,""score"":0},""T6_adr_healthy"":{""value"":5.520498794507113,""score"":100.0},""_score"":22.8},""geometry"":{""sub_contraction_count"":100.0,""sub_reduction_rate"":0,""sub_pivot_tightness"":0,""sub_volume_dryup"":0,""sub_base_depth"":0.0,""sub_base_duration"":100.0,""_score"":35.0},""compression"":{""VC1_atr_ratio"":{""value"":0.5538700348696209,""score"":100},""VC2_range_contraction"":{""value"":1.2924836067339895,""score"":0},""VC3_range_pct_rank"":{""score"":20.833333333333336},""_score"":45.21},""sr_quality"":{""SR1_touches"":{""value"":4,""score"":75.0},""SR2_tightness"":{""value"":3.550615709986085,""score"":52.415208276781364},""SR3_recency"":{""value"":225,""score"":0.0},""SR4_price_location"":{""score"":87.10432850815752},""SR5_reaction"":{""value"":1.910023860065621,""score"":95.50119300328105},""_score"":66.46,""_levels_found"":4,""_target_level"":223.2908},""volume"":{""V1_rvol_day"":{""value"":1.8625358807832393,""score"":90.83572538554928},""V2_rvol_sameslot"":{""value"":2.4214444211267083,""score"":100,""status"":""ok""},""V3_breakout_bar"":{""value"":1.3151912400640804,""score"":54.34608267093869},""V4_base_dryup"":{""value"":0.7393980880783317,""score"":76.06019119216683},""V5_bo_expansion"":{""value"":1.8625358807832388,""score"":57.502392052215924},""_score"":75.59},""readiness"":{""_distance_atr"":4.155,""BR1_atr_distance"":{""score"":0},""BR2_compression"":{""score"":69.81480240863152},""BR3_retest"":{""score"":50.0},""BR4_bo_age"":{""score"":50.0},""_score"":34.95},""risk"":{""R1_stop_clarity"":{""score"":56.1438113403517},""R2_stop_distance_pct"":{""value"":0.5150000000000038,""score"":62.87500000000009},""R3_stop_distance_atr"":{""value"":0.0745410467317459,""score"":28.7270523365873},""R4_rr_potential"":{""value"":25.13484358144535,""score"":100.0},""_score"":62.82},""market"":{""M1_spy_regime"":{""score"":100.0},""M3_earnings_risk"":{""value"":null,""score"":80.0},""M4_vix"":{""value"":null,""score"":60.0},""_score"":84.0},""liquidity"":{""L1_price"":{""value"":216.0,""score"":100.0},""L2_dollar_vol"":{""value"":501992530.278048,""score"":100.0},""L3_spread_proxy"":{""value"":0.06743055555555555,""score"":32.56944444444446},""L4_volume_zscore"":{""value"":2.4919855788139174,""score"":70.0},""_score"":85.76},""pattern_structure"":{""n_contractions"":5,""contractions_pct"":[11.98,11.72,31.43,12.47,21.53],""descending_strict"":false,""final_low"":218.16,""final_pivot"":278.0,""structural_low"":218.16,""dry_up_ratio"":1.038596538716971,""current_price"":216.0,""neckline_distance_pct"":0.28703703703703703,""base_bars"":90},""pattern_geometry_features"":{""contraction_count"":5.0,""first_contraction_pct"":0.11975885292200744,""last_contraction_pct"":0.2152517985611511,""dry_up_ratio"":1.038596538716971,""near_monotone"":0.0,""base_depth_pct"":-0.18487942646100364},""_schema_version"":""1.0""}",,,,,,,,,,
20260429T042402Z-4f6251,2026-04-29T04:24:02.652419+00:00,IE,vcp,forming,50.21,43.5,52.6,45.1,48.4,30.3,32.2,82.5,84.0,78.8,6.52,13.16,5.41,5.81,3.94,2.25,4.13,5.04,3.94,False,,13.14,17.23,12.1352,22.085,"{""trend"":{""T1_ema_stack"":{""value"":[false,false,true],""score"":33.33333333333333},""T2_ema50_slope"":{""value"":0.00486749656481837,""score"":50.811249427469726},""T3_high_proximity"":{""value"":0.6596385542168675,""score"":0},""T4_rs_1m"":{""value"":0.08645154296337254,""score"":100},""T5_rs_3m"":{""value"":-0.34316870656186005,""score"":0},""T6_adr_healthy"":{""value"":5.709744865275503,""score"":100.0},""_score"":43.5},""geometry"":{""sub_contraction_count"":100.0,""sub_reduction_rate"":0,""sub_pivot_tightness"":0,""sub_volume_dryup"":51.0,""sub_base_depth"":100.0,""sub_base_duration"":100.0,""_score"":52.65},""compression"":{""VC1_atr_ratio"":{""value"":0.617882256952664,""score"":95.52943576183401},""VC2_range_contraction"":{""value"":1.0199890917281245,""score"":0},""VC3_range_pct_rank"":{""score"":27.500000000000004},""_score"":45.09},""sr_quality"":{""SR1_touches"":{""value"":2,""score"":25.0},""SR2_tightness"":{""value"":0.12004999999999999,""score"":72.44211976126451},""SR3_recency"":{""value"":310,""score"":0.0},""SR4_price_location"":{""score"":60.27031428106186},""SR5_reaction"":{""value"":2.800493539712731,""score"":100},""_score"":48.43,""_levels_found"":7,""_target_level"":13.7499},""volume"":{""V1_rvol_day"":{""value"":0.824297351750845,""score"":21.61982345005633},""V2_rvol_sameslot"":{""value"":0.7708982543291456,""score"":18.05988362194304,""status"":""ok""},""V3_breakout_bar"":{""value"":1.4242742290063894,""score"":61.6182819337593},""V4_base_dryup"":{""value"":1.150496122408533,""score"":34.95038775914669},""V5_bo_expansion"":{""value"":0.8242973517508447,""score"":0},""_score"":30.33},""readiness"":{""_distance_atr"":4.694,""BR1_atr_distance"":{""score"":0},""BR2_compression"":{""score"":58.7847030458026},""BR3_retest"":{""score"":50.0},""BR4_bo_age"":{""score"":50.0},""_score"":32.2},""risk"":{""R1_stop_clarity"":{""score"":57.57854004066352},""R2_stop_distance_pct"":{""value"":7.646879756468807,""score"":100.0},""R3_stop_distance_atr"":{""value"":1.1532760543057665,""score"":82.66380271528833},""R4_rr_potential"":{""value"":8.902269108280244,""score"":100.0},""_score"":82.55},""market"":{""M1_spy_regime"":{""score"":100.0},""M3_earnings_risk"":{""value"":null,""score"":80.0},""M4_vix"":{""value"":null,""score"":60.0},""_score"":84.0},""liquidity"":{""L1_price"":{""value"":13.14,""score"":100.0},""L2_dollar_vol"":{""value"":21033534.4142877,""score"":66.14561282035542},""L3_spread_proxy"":{""value"":0.07686453576864534,""score"":23.13546423135466},""L4_volume_zscore"":{""value"":-0.5741199176752972,""score"":100.0},""_score"":78.77},""pattern_structure"":{""n_contractions"":5,""contractions_pct"":[8.5,23.16,20.16,22.96,28.5],""descending_strict"":false,""final_low"":12.32,""final_pivot"":17.23,""structural_low"":12.32,""dry_up_ratio"":0.7452367388756471,""current_price"":13.14,""neckline_distance_pct"":0.31126331811263314,""base_bars"":48},""pattern_geometry_features"":{""contraction_count"":5.0,""first_contraction_pct"":0.08500727802037851,""last_contraction_pct"":0.2849680789320952,""dry_up_ratio"":0.7452367388756471,""near_monotone"":0.0,""base_depth_pct"":0.2826783114992722},""_schema_version"":""1.0""}",,,,,,,,,,
20260429T042402Z-4f6251,2026-04-29T04:24:02.652419+00:00,APPF,high_tight_pullback,forming,50.14,15.7,53.5,45.0,39.5,46.3,55.7,72.6,84.0,92.6,1.88,18.71,4.5,3.16,6.48,5.01,0.73,5.04,4.63,False,,168.78,175.71,162.5496,201.96,"{""trend"":{""T1_ema_stack"":{""value"":[true,false,false],""score"":33.33333333333333},""T2_ema50_slope"":{""value"":-0.4530448760936863,""score"":0},""T3_high_proximity"":{""value"":0.7742201834862386,""score"":0},""T4_rs_1m"":{""value"":-0.03823313563098418,""score"":11.76686436901582},""T5_rs_3m"":{""value"":-0.24212103346898217,""score"":0},""T6_adr_healthy"":{""value"":4.401218251134691,""score"":100.0},""_score"":15.69},""geometry"":{""sub_pole_impulse"":69.6,""sub_flag_tightness"":45.7,""sub_flag_shallowness"":30.8,""sub_flag_drift"":100,""sub_flag_duration"":0.0,""_score"":53.47},""compression"":{""VC1_atr_ratio"":{""value"":0.4313782401631773,""score"":100},""VC2_range_contraction"":{""value"":1.03983537568413,""score"":0},""VC3_range_pct_rank"":{""score"":19.999999999999996},""_score"":45.0},""sr_quality"":{""SR1_touches"":{""value"":2,""score"":25.0},""SR2_tightness"":{""value"":0.35999999999999943,""score"":90.81045748058847},""SR3_recency"":{""value"":288,""score"":0.0},""SR4_price_location"":{""score"":13.467656415694588},""SR5_reaction"":{""value"":2.179804156991665,""score"":100},""_score"":39.49,""_levels_found"":5,""_target_level"":209.58},""volume"":{""V1_rvol_day"":{""value"":1.2814824754964422,""score"":52.09883169976281},""V2_rvol_sameslot"":{""value"":1.3282906290230774,""score"":55.21937526820516,""status"":""ok""},""V3_breakout_bar"":{""value"":1.1401353265145513,""score"":42.675688434303424},""V4_base_dryup"":{""value"":0.9343126961119391,""score"":56.56873038880609},""V5_bo_expansion"":{""value"":1.2814824754964422,""score"":18.76549836642948},""_score"":46.26},""readiness"":{""_distance_atr"":0.884,""BR1_atr_distance"":{""score"":41.03376883377589},""BR2_compression"":{""score"":87.1362273332385},""BR3_retest"":{""score"":50.0},""BR4_bo_age"":{""score"":50.0},""_score"":55.7},""risk"":{""R1_stop_clarity"":{""score"":36.81232273892091},""R2_stop_distance_pct"":{""value"":3.691417822016832,""score"":100.0},""R3_stop_distance_atr"":{""value"":0.7951985551997051,""score"":64.75992775998525},""R4_rr_potential"":{""value"":5.32552213951808,""score"":100.0},""_score"":72.6},""market"":{""M1_spy_regime"":{""score"":100.0},""M3_earnings_risk"":{""value"":null,""score"":80.0},""M4_vix"":{""value"":null,""score"":60.0},""_score"":84.0},""liquidity"":{""L1_price"":{""value"":168.78,""score"":100.0},""L2_dollar_vol"":{""value"":75213217.06577167,""score"":93.81470824923244},""L3_spread_proxy"":{""value"":0.04959118378954855,""score"":50.40881621045145},""L4_volume_zscore"":{""value"":0.6425788811613041,""score"":100.0},""_score"":92.57},""pattern_structure"":{""pole_low"":149.46,""pole_low_idx"":36,""peak_price"":175.71,""peak_idx"":42,""pole_gain"":0.17563227619429947,""flag_bars"":17,""flag_low"":165.025,""flag_high"":175.085,""structural_low"":165.025,""current_price"":169.27,""neckline_distance_pct"":0.03804572576357297,""base_bars"":17},""pattern_geometry_features"":{""pole_gain"":0.17563227619429947,""pullback_pct"":0.06081042627055946,""flag_range_pct"":0.057253428945421445,""flag_drift_per_bar"":0.00035952249393880775,""atr_pct"":0.0464213346198771,""pole_atr_multiple"":3.7834387492835173},""_schema_version"":""1.0""}",,,,,,,,,,
20260429T042402Z-4f6251,2026-04-29T04:24:02.652419+00:00,PCTY,ascending_triangle,forming,49.86,5.0,52.1,58.5,40.5,60.0,57.3,63.4,84.0,96.2,0.75,14.58,4.68,5.67,7.2,4.59,2.54,5.04,4.81,False,,102.27,105.465,96.3724,113.09,"{""trend"":{""T1_ema_stack"":{""value"":[false,false,false],""score"":0.0},""T2_ema50_slope"":{""value"":-0.4734729807646477,""score"":0},""T3_high_proximity"":{""value"":0.7269173359869215,""score"":0},""T4_rs_1m"":{""value"":-0.15198443055698074,""score"":0},""T5_rs_3m"":{""value"":-0.3037910306286754,""score"":0},""T6_adr_healthy"":{""value"":4.261963024660869,""score"":100.0},""_score"":5.0},""geometry"":{""sub_flat_top_quality"":100,""sub_hl_slope"":4.9,""sub_compression"":22.4,""sub_duration"":100.0,""_score"":52.07},""compression"":{""VC1_atr_ratio"":{""value"":0.2711109768556317,""score"":100},""VC2_range_contraction"":{""value"":0.864861024927004,""score"":22.523162512166},""VC3_range_pct_rank"":{""score"":42.50000000000001},""_score"":58.51},""sr_quality"":{""SR1_touches"":{""value"":2,""score"":25.0},""SR2_tightness"":{""value"":0.10000000000000142,""score"":95.31456817888971},""SR3_recency"":{""value"":235,""score"":0.0},""SR4_price_location"":{""score"":14.914011840992433},""SR5_reaction"":{""value"":3.061929695095527,""score"":100},""_score"":40.53,""_levels_found"":5,""_target_level"":109.815},""volume"":{""V1_rvol_day"":{""value"":1.1873493399071253,""score"":45.82328932714169},""V2_rvol_sameslot"":{""value"":1.3095411995198603,""score"":53.96941330132402,""status"":""ok""},""V3_breakout_bar"":{""value"":1.933737499392508,""score"":95.58249995950054},""V4_base_dryup"":{""value"":0.7866884661796295,""score"":71.33115338203704},""V5_bo_expansion"":{""value"":1.1873493399071255,""score"":12.48995599380837},""_score"":59.99},""readiness"":{""_distance_atr"":0.748,""BR1_atr_distance"":{""score"":50.1001511051761},""BR2_compression"":{""score"":79.21675693057514},""BR3_retest"":{""score"":50.0},""BR4_bo_age"":{""score"":50.0},""_score"":57.34},""risk"":{""R1_stop_clarity"":{""score"":31.23660259338628},""R2_stop_distance_pct"":{""value"":5.7666960007822405,""score"":100.0},""R3_stop_distance_atr"":{""value"":1.3816401354089793,""score"":94.08200677044897},""R4_rr_potential"":{""value"":1.834644601193708,""score"":41.732230059685406},""_score"":63.39},""market"":{""M1_spy_regime"":{""score"":100.0},""M3_earnings_risk"":{""value"":null,""score"":80.0},""M4_vix"":{""value"":null,""score"":60.0},""_score"":84.0},""liquidity"":{""L1_price"":{""value"":102.27,""score"":100.0},""L2_dollar_vol"":{""value"":97997760.72980501,""score"":99.56080760411452},""L3_spread_proxy"":{""value"":0.03598318177373612,""score"":64.01681822626388},""L4_volume_zscore"":{""value"":0.5048637886544272,""score"":100.0},""_score"":96.23},""pattern_structure"":{""top"":105.465,""top_touches"":4,""low_slope_per_bar"":0.014497400346620963,""lowest_low"":97.84,""structural_low"":97.84,""current_price"":102.03,""neckline_distance_pct"":0.03366656865627759,""base_bars"":39},""pattern_geometry_features"":{""top_touches"":4.0,""low_slope"":0.014497400346620963,""compression"":0.11210896984906504,""atr_pct"":0.041738046347902596},""_schema_version"":""1.0""}",,,,,,,,,,
20260429T042402Z-4f6251,2026-04-29T04:24:02.652419+00:00,FRMI,double_bottom,forming,49.84,2.0,64.7,59.6,62.4,12.8,55.4,71.4,84.0,89.1,0.3,16.17,4.77,8.73,1.66,4.43,4.28,5.04,4.45,False,,5.29,5.74,5.25,6.15,"{""trend"":{""T1_ema_stack"":{""value"":[false,false,false],""score"":0.0},""T2_ema50_slope"":{""value"":-1.779912781464397,""score"":0},""T3_high_proximity"":{""value"":0.448685326547922,""score"":0},""T4_rs_1m"":{""value"":-0.2663930487545769,""score"":0},""T5_rs_3m"":{""value"":-0.47167666321961044,""score"":0},""T6_adr_healthy"":{""value"":10.384203385704778,""score"":40.394915357380555},""_score"":2.02},""geometry"":{""sub_low_similarity"":68.4,""sub_bounce_quality"":67.0,""sub_separation_fit"":73.3,""sub_right_bottom_reaction"":91.7,""sub_base_context"":30.0,""_score"":64.67},""compression"":{""VC1_atr_ratio"":{""value"":0.5995341944180118,""score"":100},""VC2_range_contraction"":{""value"":1.2484705549134514,""score"":0},""VC3_range_pct_rank"":{""score"":78.33333333333333},""_score"":59.58},""sr_quality"":{""SR1_touches"":{""value"":3,""score"":50.0},""SR2_tightness"":{""value"":0.0984321537348894,""score"":70.23649779074617},""SR3_recency"":{""value"":31,""score"":98.33333333333333},""SR4_price_location"":{""score"":28.28025477707007},""SR5_reaction"":{""value"":3.7645788336933053,""score"":100},""_score"":62.36,""_levels_found"":5,""_target_level"":7.1667},""volume"":{""V1_rvol_day"":{""value"":0.6032262066425338,""score"":6.881747109502252},""V2_rvol_sameslot"":{""value"":0.4673637664636265,""score"":0,""status"":""ok""},""V3_breakout_bar"":{""value"":0.6847247058438777,""score"":12.314980389591845},""V4_base_dryup"":{""value"":1.0840108336679484,""score"":41.598916633205164},""V5_bo_expansion"":{""value"":0.6032262066425338,""score"":0},""_score"":12.77},""readiness"":{""_distance_atr"":0.68,""BR1_atr_distance"":{""score"":54.64362850971919},""BR2_compression"":{""score"":64.18726437670696},""BR3_retest"":{""score"":50.0},""BR4_bo_age"":{""score"":50.0},""_score"":55.4},""risk"":{""R1_stop_clarity"":{""score"":75.82505399568028},""R2_stop_distance_pct"":{""value"":0.7551984877126683,""score"":68.87996219281672},""R3_stop_distance_atr"":{""value"":0.06039956803455748,""score"":28.019978401727876},""R4_rr_potential"":{""value"":21.52690863579467,""score"":100.0},""_score"":71.41},""market"":{""M1_spy_regime"":{""score"":100.0},""M3_earnings_risk"":{""value"":null,""score"":80.0},""M4_vix"":{""value"":null,""score"":60.0},""_score"":84.0},""liquidity"":{""L1_price"":{""value"":5.29,""score"":97.64500000000001},""L2_dollar_vol"":{""value"":63902509.84659322,""score"":90.27589579612018},""L3_spread_proxy"":{""value"":0.06427221172022682,""score"":35.72778827977318},""L4_volume_zscore"":{""value"":-0.5590102180231433,""score"":100.0},""_score"":89.09},""pattern_structure"":{""left_low"":5.415,""left_idx"":63,""right_low"":5.33,""right_idx"":69,""separation_bars"":6,""structural_low"":5.33,""current_price"":5.235,""neckline_distance_pct"":0.09646609360076407,""base_bars"":6},""pattern_geometry_features"":{""low_similarity_pct"":0.01582131223825034,""bounce_pct"":0.07692307692307696,""right_bottom_reaction"":0.9174311926605505,""atr_pct"":0.12503375641371858},""_schema_version"":""1.0""}",,,,,,,,,,
20260429T042402Z-4f6251,2026-04-29T04:24:02.652419+00:00,CCB,ascending_triangle,breakout_confirmed,49.8,45.3,35.9,50.7,35.6,71.1,57.5,45.0,84.0,79.2,6.79,10.04,4.06,4.98,8.54,4.6,1.8,5.04,3.96,True,risk_unclear,86.68,85.88,80.0756,90.465,"{""trend"":{""T1_ema_stack"":{""value"":[true,false,false],""score"":33.33333333333333},""T2_ema50_slope"":{""value"":-0.07349798216537339,""score"":37.7503363057711},""T3_high_proximity"":{""value"":0.8586428925210501,""score"":29.32144626052502},""T4_rs_1m"":{""value"":0.05870723782891485,""score"":100},""T5_rs_3m"":{""value"":-0.19445376397578062,""score"":0},""T6_adr_healthy"":{""value"":2.9364156044250125,""score"":100.0},""_score"":45.28},""geometry"":{""sub_flat_top_quality"":33.3,""sub_hl_slope"":36.2,""sub_compression"":0,""sub_duration"":100.0,""_score"":35.85},""compression"":{""VC1_atr_ratio"":{""value"":0.3505389356239882,""score"":100},""VC2_range_contraction"":{""value"":0.927208699711999,""score"":12.131883381333495},""VC3_range_pct_rank"":{""score"":25.83333333333333},""_score"":50.7},""sr_quality"":{""SR1_touches"":{""value"":2,""score"":25.0},""SR2_tightness"":{""value"":0.38000000000000256,""score"":67.55098368704974},""SR3_recency"":{""value"":315,""score"":0.0},""SR4_price_location"":{""score"":11.725434884814316},""SR5_reaction"":{""value"":4.065733655790353,""score"":100},""_score"":35.56,""_levels_found"":7,""_target_level"":110.15},""volume"":{""V1_rvol_day"":{""value"":1.2914855738566722,""score"":52.765704923778145},""V2_rvol_sameslot"":{""value"":1.724951446848409,""score"":81.66342978989394,""status"":""ok""},""V3_breakout_bar"":{""value"":2.4120511747500406,""score"":100},""V4_base_dryup"":{""value"":0.6833339928234055,""score"":81.66660071765946},""V5_bo_expansion"":{""value"":1.2914855738566722,""score"":19.43237159044481},""_score"":71.13},""readiness"":{""_distance_atr"":-0.342,""BR1_atr_distance"":{""score"":100.0},""BR2_compression"":{""score"":0},""BR3_retest"":{""score"":50.0},""BR4_bo_age"":{""score"":50.0},""_score"":57.5},""risk"":{""R1_stop_clarity"":{""score"":0},""R2_stop_distance_pct"":{""value"":7.619318181818188,""score"":100.0},""R3_stop_distance_atr"":{""value"":2.8198301916138857,""score"":100.0},""R4_rr_potential"":{""value"":0.5731006105754821,""score"":0.0},""_score"":45.0},""market"":{""M1_spy_regime"":{""score"":100.0},""M3_earnings_risk"":{""value"":null,""score"":80.0},""M4_vix"":{""value"":null,""score"":60.0},""_score"":84.0},""liquidity"":{""L1_price"":{""value"":86.68,""score"":100.0},""L2_dollar_vol"":{""value"":15201066.62430796,""score"":59.093703123551},""L3_spread_proxy"":{""value"":0.04430087678818647,""score"":55.69912321181353},""L4_volume_zscore"":{""value"":0.6731356509304508,""score"":100.0},""_score"":79.21},""pattern_structure"":{""top"":85.88,""top_touches"":2,""low_slope_per_bar"":0.08840596330275256,""lowest_low"":81.295,""structural_low"":81.295,""current_price"":86.85,""neckline_distance_pct"":-0.011168681635002866,""base_bars"":26},""pattern_geometry_features"":{""top_touches"":2.0,""low_slope"":0.08840596330275256,""compression"":-0.09353605074153615,""atr_pct"":0.027020485859318325},""_schema_version"":""1.0""}",,,,,,,,,,
20260429T042402Z-4f6251,2026-04-29T04:24:02.652419+00:00,VSEC,vcp,forming,49.64,29.4,53.3,44.7,54.4,29.0,36.1,81.5,84.0,92.3,4.41,13.32,5.36,6.52,3.77,2.53,4.07,5.04,4.61,False,,176.11,223.74,161.6484,242.89,"{""trend"":{""T1_ema_stack"":{""value"":[false,false,true],""score"":33.33333333333333},""T2_ema50_slope"":{""value"":0.18166045012569465,""score"":80.27674168761578},""T3_high_proximity"":{""value"":0.7731583106506279,""score"":0},""T4_rs_1m"":{""value"":-0.0918341385299597,""score"":0},""T5_rs_3m"":{""value"":-0.19054278830695837,""score"":0},""T6_adr_healthy"":{""value"":5.397730616915584,""score"":100.0},""_score"":29.39},""geometry"":{""sub_contraction_count"":100.0,""sub_reduction_rate"":0,""sub_pivot_tightness"":0,""sub_volume_dryup"":85.6,""sub_base_depth"":54.5,""sub_base_duration"":100.0,""_score"":53.29},""compression"":{""VC1_atr_ratio"":{""value"":0.7367174409759529,""score"":65.82063975601177},""VC2_range_contraction"":{""value"":1.276931592297041,""score"":0},""VC3_range_pct_rank"":{""score"":73.33333333333334},""_score"":44.66},""sr_quality"":{""SR1_touches"":{""value"":3,""score"":50.0},""SR2_tightness"":{""value"":1.3610126948546686,""score"":75.73878278943415},""SR3_recency"":{""value"":278,""score"":0.0},""SR4_price_location"":{""score"":58.66388948448563},""SR5_reaction"":{""value"":1.7791690434475533,""score"":88.95845217237766},""_score"":54.37,""_levels_found"":5,""_target_level"":185.1067},""volume"":{""V1_rvol_day"":{""value"":0.639378050464309,""score"":9.29187003095393},""V2_rvol_sameslot"":{""value"":0.5224445942456711,""score"":1.4963062830447424,""status"":""ok""},""V3_breakout_bar"":{""value"":1.0013894555026237,""score"":33.42596370017492},""V4_base_dryup"":{""value"":0.5759001139510875,""score"":92.40998860489125},""V5_bo_expansion"":{""value"":0.6393780504643086,""score"":0},""_score"":29.0},""readiness"":{""_distance_atr"":4.245,""BR1_atr_distance"":{""score"":0},""BR2_compression"":{""score"":74.42543935474242},""BR3_retest"":{""score"":50.0},""BR4_bo_age"":{""score"":50.0},""_score"":36.11},""risk"":{""R1_stop_clarity"":{""score"":56.11897995355107},""R2_stop_distance_pct"":{""value"":8.211714269490654,""score"":94.70714326273364},""R3_stop_distance_atr"":{""value"":1.2889564998166474,""score"":89.44782499083237},""R4_rr_potential"":{""value"":4.617730341973427,""score"":100.0},""_score"":81.47},""market"":{""M1_spy_regime"":{""score"":100.0},""M3_earnings_risk"":{""value"":null,""score"":80.0},""M4_vix"":{""value"":null,""score"":60.0},""_score"":84.0},""liquidity"":{""L1_price"":{""value"":176.11,""score"":100.0},""L2_dollar_vol"":{""value"":59714289.508402,""score"":88.80391346774536},""L3_spread_proxy"":{""value"":0.032650048265288736,""score"":67.34995173471125},""L4_volume_zscore"":{""value"":-0.8251826859221919,""score"":100.0},""_score"":92.26},""pattern_structure"":{""n_contractions"":5,""contractions_pct"":[6.63,6.56,17.11,10.31,26.65],""descending_strict"":false,""final_low"":164.11,""final_pivot"":223.74,""structural_low"":164.11,""dry_up_ratio"":0.5721851506545014,""current_price"":176.11,""neckline_distance_pct"":0.2704559650218613,""base_bars"":65},""pattern_geometry_features"":{""contraction_count"":5.0,""first_contraction_pct"":0.06629924697151576,""last_contraction_pct"":0.2665147045678019,""dry_up_ratio"":0.5721851506545014,""near_monotone"":0.0,""base_depth_pct"":0.1044963439921422},""_schema_version"":""1.0""}",,,,,,,,,,
20260429T042402Z-4f6251,2026-04-29T04:24:02.652419+00:00,ICE,vcp,forming,49.62,22.7,55.7,51.3,61.5,23.9,38.4,60.6,84.0,97.7,3.4,13.93,6.16,7.39,3.11,2.69,3.03,5.04,4.88,True,risk_unclear,156.3,165.89,152.9803,186.63,"{""trend"":{""T1_ema_stack"":{""value"":[false,false,false],""score"":0.0},""T2_ema50_slope"":{""value"":0.022281521252709942,""score"":53.713586875451654},""T3_high_proximity"":{""value"":0.8926327812678471,""score"":46.31639063392351},""T4_rs_1m"":{""value"":-0.0986033303378635,""score"":0},""T5_rs_3m"":{""value"":-0.12128461991503703,""score"":0},""T6_adr_healthy"":{""value"":2.2404876431110243,""score"":100.0},""_score"":22.69},""geometry"":{""sub_contraction_count"":100.0,""sub_reduction_rate"":19.2,""sub_pivot_tightness"":51.7,""sub_volume_dryup"":9.1,""sub_base_depth"":67.8,""sub_base_duration"":100.0,""_score"":55.7},""compression"":{""VC1_atr_ratio"":{""value"":0.3306683077833172,""score"":100},""VC2_range_contraction"":{""value"":0.9347511171684192,""score"":10.87481380526347},""VC3_range_pct_rank"":{""score"":30.000000000000004},""_score"":51.31},""sr_quality"":{""SR1_touches"":{""value"":5,""score"":100},""SR2_tightness"":{""value"":0.6331753311682338,""score"":65.20536715657455},""SR3_recency"":{""value"":233,""score"":0.0},""SR4_price_location"":{""score"":27.07518685343811},""SR5_reaction"":{""value"":2.2474240967165815,""score"":100},""_score"":61.55,""_levels_found"":6,""_target_level"":158.7555},""volume"":{""V1_rvol_day"":{""value"":0.9534218817164131,""score"":30.228125447760874},""V2_rvol_sameslot"":{""value"":0.766405101066831,""score"":17.76034007112207,""status"":""ok""},""V3_breakout_bar"":{""value"":0.9129551576515583,""score"":27.530343843437223},""V4_base_dryup"":{""value"":1.1263708389848306,""score"":37.362916101516944},""V5_bo_expansion"":{""value"":0.9534218817164131,""score"":0},""_score"":23.95},""readiness"":{""_distance_atr"":2.635,""BR1_atr_distance"":{""score"":0},""BR2_compression"":{""score"":83.53305285469806},""BR3_retest"":{""score"":50.0},""BR4_bo_age"":{""score"":50.0},""_score"":38.38},""risk"":{""R1_stop_clarity"":{""score"":0},""R2_stop_distance_pct"":{""value"":2.123896353167002,""score"":100.0},""R3_stop_distance_atr"":{""value"":0.9121170490452062,""score"":70.60585245226031},""R4_rr_potential"":{""value"":9.13650535448007,""score"":100.0},""_score"":60.59},""market"":{""M1_spy_regime"":{""score"":100.0},""M3_earnings_risk"":{""value"":null,""score"":80.0},""M4_vix"":{""value"":null,""score"":60.0},""_score"":84.0},""liquidity"":{""L1_price"":{""value"":156.3,""score"":100.0},""L2_dollar_vol"":{""value"":433264660.8895323,""score"":100.0},""L3_spread_proxy"":{""value"":0.02328854766474719,""score"":76.7114523352528},""L4_volume_zscore"":{""value"":-0.18612451001714342,""score"":100.0},""_score"":97.67},""pattern_structure"":{""n_contractions"":5,""contractions_pct"":[9.78,8.16,6.44,6.19,6.38],""descending_strict"":false,""final_low"":155.31,""final_pivot"":165.89,""structural_low"":155.31,""dry_up_ratio"":0.9542737173841401,""current_price"":156.3,""neckline_distance_pct"":0.06135636596289171,""base_bars"":58},""pattern_geometry_features"":{""contraction_count"":5.0,""first_contraction_pct"":0.09781312127236579,""last_contraction_pct"":0.06377720176020245,""dry_up_ratio"":0.9542737173841401,""near_monotone"":0.0,""base_depth_pct"":0.1178074410678785},""_schema_version"":""1.0""}",,,,,,,,,,
20260429T042402Z-4f6251,2026-04-29T04:24:02.652419+00:00,MGNI,bull_flag,absent,49.61,34.7,46.8,64.2,57.4,22.1,54.6,66.0,84.0,83.2,4.86,14.04,5.78,5.74,3.09,4.92,1.98,5.04,4.16,False,,12.97,13.6,12.7755,14.935,"{""trend"":{""T1_ema_stack"":{""value"":[true,false,false],""score"":33.33333333333333},""T2_ema50_slope"":{""value"":-0.04692519482098899,""score"":42.179134196501835},""T3_high_proximity"":{""value"":0.8635153129161119,""score"":31.757656458055948},""T4_rs_1m"":{""value"":-0.009075382740715288,""score"":40.924617259284716},""T5_rs_3m"":{""value"":-0.16149891023078966,""score"":0},""T6_adr_healthy"":{""value"":4.611461697254766,""score"":100.0},""_score"":34.72},""geometry"":{""sub_pole_impulse"":30.1,""sub_flag_tightness"":46.5,""sub_flag_shallowness"":14.9,""sub_flag_drift"":87.8,""sub_flag_duration"":100.0,""_score"":46.8},""compression"":{""VC1_atr_ratio"":{""value"":0.5786753372656025,""score"":100},""VC2_range_contraction"":{""value"":1.0290341895584896,""score"":0},""VC3_range_pct_rank"":{""score"":96.66666666666667},""_score"":64.17},""sr_quality"":{""SR1_touches"":{""value"":2,""score"":25.0},""SR2_tightness"":{""value"":0.015000000000000568,""score"":95.31511433351906},""SR3_recency"":{""value"":248,""score"":0.0},""SR4_price_location"":{""score"":82.38341968911936},""SR5_reaction"":{""value"":2.572783045175684,""score"":100},""_score"":57.39,""_levels_found"":7,""_target_level"":13.055},""volume"":{""V1_rvol_day"":{""value"":0.7666302487368158,""score"":17.77534991578772},""V2_rvol_sameslot"":{""value"":0.7369564713404461,""score"":15.797098089363072,""status"":""ok""},""V3_breakout_bar"":{""value"":0.8736387790661133,""score"":24.909251937740887},""V4_base_dryup"":{""value"":1.043564450101302,""score"":45.643554989869806},""V5_bo_expansion"":{""value"":0.7666302487368158,""score"":0},""_score"":22.07},""readiness"":{""_distance_atr"":0.984,""BR1_atr_distance"":{""score"":34.41160066926946},""BR2_compression"":{""score"":93.51313636801531},""BR3_retest"":{""score"":50.0},""BR4_bo_age"":{""score"":50.0},""_score"":54.64},""risk"":{""R1_stop_clarity"":{""score"":39.23703290574467},""R2_stop_distance_pct"":{""value"":1.4999999999999964,""score"":87.49999999999991},""R3_stop_distance_atr"":{""value"":0.30381483547127663,""score"":40.19074177356383},""R4_rr_potential"":{""value"":10.100231303006952,""score"":100.0},""_score"":66.01},""market"":{""M1_spy_regime"":{""score"":100.0},""M3_earnings_risk"":{""value"":null,""score"":80.0},""M4_vix"":{""value"":null,""score"":60.0},""_score"":84.0},""liquidity"":{""L1_price"":{""value"":12.97,""score"":100.0},""L2_dollar_vol"":{""value"":19305082.88206071,""score"":64.28358352552048},""L3_spread_proxy"":{""value"":0.024672320740169642,""score"":75.32767925983036},""L4_volume_zscore"":{""value"":-0.8094733277436981,""score"":100.0},""_score"":83.25},""pattern_structure"":{""pole_low"":12.265,""pole_low_idx"":40,""peak_price"":13.6,""peak_idx"":48,""pole_gain"":0.10884631064003253,""flag_bars"":11,""flag_low"":12.97,""flag_high"":13.445,""structural_low"":12.97,""current_price"":12.98,""neckline_distance_pct"":0.04776579352850533,""base_bars"":11},""pattern_geometry_features"":{""pole_gain"":0.10884631064003253,""pullback_pct"":0.04632352941176463,""flag_range_pct"":0.03492647058823527,""flag_drift_per_bar"":-0.002437316150721385,""atr_pct"":0.04937217755259388,""pole_atr_multiple"":2.204608263917135},""_schema_version"":""1.0""}",,,,,,,,,,
20260429T042402Z-4f6251,2026-04-29T04:24:02.652419+00:00,XEL,vcp,absent,49.48,52.7,44.6,52.5,44.5,33.3,32.0,45.0,84.0,98.3,7.91,11.15,6.3,5.34,4.33,2.24,2.25,5.04,4.92,True,risk_unclear,79.48,81.86,76.1897,81.5,"{""trend"":{""T1_ema_stack"":{""value"":[false,true,true],""score"":66.66666666666666},""T2_ema50_slope"":{""value"":0.03480254014428506,""score"":55.80042335738084},""T3_high_proximity"":{""value"":0.9472053390537482,""score"":73.60266952687405},""T4_rs_1m"":{""value"":-0.10458012938223216,""score"":0},""T5_rs_3m"":{""value"":0.017975247485334522,""score"":58.98762374266726},""T6_adr_healthy"":{""value"":1.8472636949004855,""score"":100.0},""_score"":52.72},""geometry"":{""sub_contraction_count"":100.0,""sub_reduction_rate"":0,""sub_pivot_tightness"":64.1,""sub_volume_dryup"":0,""sub_base_depth"":0.0,""sub_base_duration"":100.0,""_score"":44.61},""compression"":{""VC1_atr_ratio"":{""value"":0.5353269687784046,""score"":100},""VC2_range_contraction"":{""value"":1.034474949128237,""score"":0},""VC3_range_pct_rank"":{""score"":50.0},""_score"":52.5},""sr_quality"":{""SR1_touches"":{""value"":2,""score"":25.0},""SR2_tightness"":{""value"":0.07750000000000057,""score"":90.60239920315267},""SR3_recency"":{""value"":253,""score"":0.0},""SR4_price_location"":{""score"":55.3191489361703},""SR5_reaction"":{""value"":1.2808020440864385,""score"":64.04010220432193},""_score"":44.53,""_levels_found"":7,""_target_level"":80.0575},""volume"":{""V1_rvol_day"":{""value"":0.8828925569236271,""score"":25.52617046157514},""V2_rvol_sameslot"":{""value"":0.7684376799557945,""score"":17.895845330386297,""status"":""ok""},""V3_breakout_bar"":{""value"":1.2514320049858165,""score"":50.09546699905444},""V4_base_dryup"":{""value"":0.8940725177954519,""score"":60.59274822045481},""V5_bo_expansion"":{""value"":0.8828925569236271,""score"":0},""_score"":33.33},""readiness"":{""_distance_atr"":1.443,""BR1_atr_distance"":{""score"":3.800903670983132},""BR2_compression"":{""score"":51.78660683483168},""BR3_retest"":{""score"":50.0},""BR4_bo_age"":{""score"":50.0},""_score"":31.97},""risk"":{""R1_stop_clarity"":{""score"":0},""R2_stop_distance_pct"":{""value"":4.139720684448936,""score"":100.0},""R3_stop_distance_atr"":{""value"":1.9948681304404394,""score"":100.0},""R4_rr_potential"":{""value"":0.613935111313726,""score"":0.0},""_score"":45.0},""market"":{""M1_spy_regime"":{""score"":100.0},""M3_earnings_risk"":{""value"":null,""score"":80.0},""M4_vix"":{""value"":null,""score"":60.0},""_score"":84.0},""liquidity"":{""L1_price"":{""value"":79.48,""score"":100.0},""L2_dollar_vol"":{""value"":301271278.4899676,""score"":100.0},""L3_spread_proxy"":{""value"":0.01685958731756421,""score"":83.1404126824358},""L4_volume_zscore"":{""value"":-0.5356292154547402,""score"":100.0},""_score"":98.31},""pattern_structure"":{""n_contractions"":5,""contractions_pct"":[3.74,3.91,7.84,5.63,5.51],""descending_strict"":false,""final_low"":77.35,""final_pivot"":81.86,""structural_low"":77.35,""dry_up_ratio"":1.0488995648550097,""current_price"":79.48,""neckline_distance_pct"":0.029944640161046747,""base_bars"":57},""pattern_geometry_features"":{""contraction_count"":5.0,""first_contraction_pct"":0.037407455513703024,""last_contraction_pct"":0.05509406303444912,""dry_up_ratio"":1.0488995648550097,""near_monotone"":0.0,""base_depth_pct"":-0.004675931939212878},""_schema_version"":""1.0""}",,,,,,,,,,
20260429T042402Z-4f6251,2026-04-29T04:24:02.652419+00:00,XEL,double_bottom,absent,49.28,52.7,40.9,52.5,44.5,35.4,32.0,60.2,84.0,98.3,7.91,10.21,4.2,6.23,4.6,2.56,3.61,5.04,4.92,True,risk_unclear,79.48,81.86,77.3422,85.2,"{""trend"":{""T1_ema_stack"":{""value"":[false,true,true],""score"":66.66666666666666},""T2_ema50_slope"":{""value"":0.03480254014428506,""score"":55.80042335738084},""T3_high_proximity"":{""value"":0.9472053390537482,""score"":73.60266952687405},""T4_rs_1m"":{""value"":-0.10458012938223216,""score"":0},""T5_rs_3m"":{""value"":0.017975247485334522,""score"":58.98762374266726},""T6_adr_healthy"":{""value"":1.8472636949004855,""score"":100.0},""_score"":52.72},""geometry"":{""sub_low_similarity"":89.3,""sub_bounce_quality"":17.9,""sub_separation_fit"":0.0,""sub_right_bottom_reaction"":29.9,""sub_base_context"":30.0,""_score"":40.85},""compression"":{""VC1_atr_ratio"":{""value"":0.5353269687784046,""score"":100},""VC2_range_contraction"":{""value"":1.034474949128237,""score"":0},""VC3_range_pct_rank"":{""score"":50.0},""_score"":52.5},""sr_quality"":{""SR1_touches"":{""value"":2,""score"":25.0},""SR2_tightness"":{""value"":0.07750000000000057,""score"":90.60239920315267},""SR3_recency"":{""value"":253,""score"":0.0},""SR4_price_location"":{""score"":55.3191489361703},""SR5_reaction"":{""value"":1.2808020440864385,""score"":64.04010220432193},""_score"":44.53,""_levels_found"":7,""_target_level"":80.0575},""volume"":{""V1_rvol_day"":{""value"":0.8828925569236271,""score"":25.52617046157514},""V2_rvol_sameslot"":{""value"":0.7684376799557945,""score"":17.895845330386297,""status"":""ok""},""V3_breakout_bar"":{""value"":1.2514320049858165,""score"":50.09546699905444},""V4_base_dryup"":{""value"":0.7917869618818737,""score"":70.82130381181263},""V5_bo_expansion"":{""value"":0.8828925569236271,""score"":0},""_score"":35.37},""readiness"":{""_distance_atr"":1.443,""BR1_atr_distance"":{""score"":3.800903670983132},""BR2_compression"":{""score"":51.78660683483168},""BR3_retest"":{""score"":50.0},""BR4_bo_age"":{""score"":50.0},""_score"":31.97},""risk"":{""R1_stop_clarity"":{""score"":0},""R2_stop_distance_pct"":{""value"":2.689733266230514,""score"":100.0},""R3_stop_distance_atr"":{""value"":1.296141353774205,""score"":89.80706768871025},""R4_rr_potential"":{""value"":2.6756478622883173,""score"":83.78239311441587},""_score"":60.23},""market"":{""M1_spy_regime"":{""score"":100.0},""M3_earnings_risk"":{""value"":null,""score"":80.0},""M4_vix"":{""value"":null,""score"":60.0},""_score"":84.0},""liquidity"":{""L1_price"":{""value"":79.48,""score"":100.0},""L2_dollar_vol"":{""value"":301271278.4899676,""score"":100.0},""L3_spread_proxy"":{""value"":0.01685958731756421,""score"":83.1404126824358},""L4_volume_zscore"":{""value"":-0.5356292154547402,""score"":100.0},""_score"":98.31},""pattern_structure"":{""left_low"":78.52,""left_idx"":25,""right_low"":78.94,""right_idx"":74,""separation_bars"":49,""structural_low"":78.52,""current_price"":79.16,""neckline_distance_pct"":0.03410813542193031,""base_bars"":49},""pattern_geometry_features"":{""low_similarity_pct"":0.005334688174774568,""bounce_pct"":0.04253693326541013,""right_bottom_reaction"":0.29850746268657063,""atr_pct"":0.020751851319289673},""_schema_version"":""1.0""}",,,,,,,,,,
20260429T042402Z-4f6251,2026-04-29T04:24:02.652419+00:00,ALKT,vcp,absent,49.27,9.4,41.5,69.4,45.8,59.4,38.4,77.3,84.0,86.8,1.41,10.37,8.33,5.5,7.72,2.69,3.87,5.04,4.34,False,,16.27,18.23,15.3364,20.2499,"{""trend"":{""T1_ema_stack"":{""value"":[false,false,false],""score"":0.0},""T2_ema50_slope"":{""value"":-0.1674150773868101,""score"":22.097487102198315},""T3_high_proximity"":{""value"":0.7260151717983043,""score"":0},""T4_rs_1m"":{""value"":-0.055494857869118785,""score"":0},""T5_rs_3m"":{""value"":-0.2522028827709797,""score"":0},""T6_adr_healthy"":{""value"":4.767571783093542,""score"":100.0},""_score"":9.42},""geometry"":{""sub_contraction_count"":100.0,""sub_reduction_rate"":0,""sub_pivot_tightness"":0,""sub_volume_dryup"":0,""sub_base_depth"":64.8,""sub_base_duration"":100.0,""_score"":41.48},""compression"":{""VC1_atr_ratio"":{""value"":0.4746186421888162,""score"":100},""VC2_range_contraction"":{""value"":0.8492010952256492,""score"":25.13315079572513},""VC3_range_pct_rank"":{""score"":82.5},""_score"":69.42},""sr_quality"":{""SR1_touches"":{""value"":3,""score"":50.0},""SR2_tightness"":{""value"":0.04109071265707855,""score"":89.94950946575527},""SR3_recency"":{""value"":235,""score"":0.0},""SR4_price_location"":{""score"":9.321273216875067},""SR5_reaction"":{""value"":2.962629721513679,""score"":100},""_score"":45.82,""_levels_found"":6,""_target_level"":17.5833},""volume"":{""V1_rvol_day"":{""value"":1.3476473960225115,""score"":56.50982640150076},""V2_rvol_sameslot"":{""value"":2.0501292357612524,""score"":100,""status"":""ok""},""V3_breakout_bar"":{""value"":1.4729892847568744,""score"":64.86595231712496},""V4_base_dryup"":{""value"":1.0791233288106112,""score"":42.087667118938874},""V5_bo_expansion"":{""value"":1.3476473960225115,""score"":23.176493068167435},""_score"":59.41},""readiness"":{""_distance_atr"":2.397,""BR1_atr_distance"":{""score"":0},""BR2_compression"":{""score"":83.6114899202454},""BR3_retest"":{""score"":50.0},""BR4_bo_age"":{""score"":50.0},""_score"":38.4},""risk"":{""R1_stop_clarity"":{""score"":42.87536252140164},""R2_stop_distance_pct"":{""value"":5.7378610940381085,""score"":100.0},""R3_stop_distance_atr"":{""value"":1.1416978231244976,""score"":82.08489115622488},""R4_rr_potential"":{""value"":4.263188902576187,""score"":100.0},""_score"":77.32},""market"":{""M1_spy_regime"":{""score"":100.0},""M3_earnings_risk"":{""value"":null,""score"":80.0},""M4_vix"":{""value"":null,""score"":60.0},""_score"":84.0},""liquidity"":{""L1_price"":{""value"":16.27,""score"":100.0},""L2_dollar_vol"":{""value"":30872800.794803757,""score"":74.47880153330746},""L3_spread_proxy"":{""value"":0.03042409342347864,""score"":69.57590657652136},""L4_volume_zscore"":{""value"":1.3457896542016257,""score"":100.0},""_score"":86.75},""pattern_structure"":{""n_contractions"":5,""contractions_pct"":[19.78,8.5,21.5,13.03,14.59],""descending_strict"":false,""final_low"":15.57,""final_pivot"":18.23,""structural_low"":15.57,""dry_up_ratio"":1.1444192056457252,""current_price"":16.27,""neckline_distance_pct"":0.1204671173939767,""base_bars"":43},""pattern_geometry_features"":{""contraction_count"":5.0,""first_contraction_pct"":0.19783512129119554,""last_contraction_pct"":0.14591332967635764,""dry_up_ratio"":1.1444192056457252,""near_monotone"":0.0,""base_depth_pct"":0.11483294390530928},""_schema_version"":""1.0""}",,,,,,,,,,
20260429T042402Z-4f6251,2026-04-29T04:24:02.652419+00:00,AVAV,inverse_head_shoulders,forming,49.01,5.0,51.1,59.6,67.5,26.5,31.0,78.2,84.0,96.1,0.6,14.31,4.77,9.45,3.7,2.48,4.69,4.2,4.81,False,,192.34,222.4,183.3874,258.6199,"{""trend"":{""T1_ema_stack"":{""value"":[false,false,false],""score"":0.0},""T2_ema50_slope"":{""value"":-0.6098382441277997,""score"":0},""T3_high_proximity"":{""value"":0.6266371277774158,""score"":0},""T4_rs_1m"":{""value"":-0.07949120283273281,""score"":0},""T5_rs_3m"":{""value"":-0.401979495399994,""score"":0},""T6_adr_healthy"":{""value"":5.630068144650515,""score"":100.0},""_score"":5.0},""geometry"":{""sub_head_depth"":64.0,""sub_shoulder_price_sym"":92.7,""sub_shoulder_time_sym"":7.7,""sub_right_shoulder_reaction"":24.3,""sub_base_context"":30.0,""_score"":51.12},""compression"":{""VC1_atr_ratio"":{""value"":0.37165679175011895,""score"":100},""VC2_range_contraction"":{""value"":1.1046421678004457,""score"":0},""VC3_range_pct_rank"":{""score"":78.33333333333333},""_score"":59.58},""sr_quality"":{""SR1_touches"":{""value"":4,""score"":75.0},""SR2_tightness"":{""value"":2.090554651282762,""score"":65.7281507678866},""SR3_recency"":{""value"":235,""score"":0.0},""SR4_price_location"":{""score"":80.44491031912419},""SR5_reaction"":{""value"":3.4910306169228282,""score"":100},""_score"":67.47,""_levels_found"":8,""_target_level"":196.5375},""volume"":{""V1_rvol_day"":{""value"":0.7997002856373342,""score"":19.980019042488948},""V2_rvol_sameslot"":{""value"":0.757112059231196,""score"":17.140803948746395,""status"":""ok""},""V3_breakout_bar"":{""value"":0.8964685056386508,""score"":26.431233709243386},""V4_base_dryup"":{""value"":0.8785099387003522,""score"":62.14900612996478},""V5_bo_expansion"":{""value"":0.7997002856373342,""score"":0},""_score"":26.46},""readiness"":{""_distance_atr"":2.464,""BR1_atr_distance"":{""score"":0},""BR2_compression"":{""score"":53.82499739184059},""BR3_retest"":{""score"":50.0},""BR4_bo_age"":{""score"":50.0},""_score"":30.96},""risk"":{""R1_stop_clarity"":{""score"":54.21739168618792},""R2_stop_distance_pct"":{""value"":4.654570812103559,""score"":100.0},""R3_stop_distance_atr"":{""value"":0.7338296768633291,""score"":61.69148384316645},""R4_rr_potential"":{""value"":7.403423463001244,""score"":100.0},""_score"":78.23},""market"":{""M1_spy_regime"":{""score"":100.0},""M3_earnings_risk"":{""value"":null,""score"":80.0},""M4_vix"":{""value"":null,""score"":60.0},""_score"":84.0},""liquidity"":{""L1_price"":{""value"":192.34,""score"":100.0},""L2_dollar_vol"":{""value"":168203058.1874021,""score"":100.0},""L3_spread_proxy"":{""value"":0.038915462202349926,""score"":61.08453779765007},""L4_volume_zscore"":{""value"":-0.5219205895146236,""score"":100.0},""_score"":96.11},""pattern_structure"":{""left_shoulder"":194.1901,""left_shoulder_idx"":43,""head"":186.1801,""head_idx"":57,""right_shoulder"":195.32,""right_shoulder_idx"":83,""left_to_head_bars"":14,""head_to_right_bars"":26,""structural_low"":186.1801,""current_price"":191.59,""neckline_distance_pct"":0.16081215094733547,""base_bars"":40},""pattern_geometry_features"":{""head_depth_pct"":0.044029410277165976,""shoulder_price_asymmetry"":0.005801646735219406,""shoulder_time_asymmetry"":0.46153846153846156,""right_shoulder_reaction"":0.24264196130333604,""atr_pct"":0.06342848972801139},""_schema_version"":""1.0""}",,,,,,,,,,
20260429T042402Z-4f6251,2026-04-29T04:24:02.652419+00:00,AXON,double_bottom,absent,48.98,5.0,45.3,72.2,69.2,17.3,71.1,60.4,84.0,96.7,0.75,11.33,5.78,9.69,2.25,5.69,3.62,5.04,4.83,False,,406.31,414.0,392.1876,429.84,"{""trend"":{""T1_ema_stack"":{""value"":[false,false,false],""score"":0.0},""T2_ema50_slope"":{""value"":-0.8092671767588335,""score"":0},""T3_high_proximity"":{""value"":0.7016353243882643,""score"":0},""T4_rs_1m"":{""value"":-0.17734126114155402,""score"":0},""T5_rs_3m"":{""value"":-0.3574511026267352,""score"":0},""T6_adr_healthy"":{""value"":5.269102540615696,""score"":100.0},""_score"":5.0},""geometry"":{""sub_low_similarity"":98.7,""sub_bounce_quality"":14.0,""sub_separation_fit"":13.3,""sub_right_bottom_reaction"":32.7,""sub_base_context"":30.0,""_score"":45.31},""compression"":{""VC1_atr_ratio"":{""value"":0.20625471990767436,""score"":100},""VC2_range_contraction"":{""value"":0.7329045252110467,""score"":44.51591246482556},""VC3_range_pct_rank"":{""score"":66.66666666666667},""_score"":72.25},""sr_quality"":{""SR1_touches"":{""value"":4,""score"":75.0},""SR2_tightness"":{""value"":3.636100112758173,""score"":65.05191260155793},""SR3_recency"":{""value"":225,""score"":0.0},""SR4_price_location"":{""score"":87.70204321637951},""SR5_reaction"":{""value"":3.92539066133782,""score"":100},""_score"":69.18,""_levels_found"":4,""_target_level"":414.8401},""volume"":{""V1_rvol_day"":{""value"":0.6745061004296175,""score"":11.633740028641164},""V2_rvol_sameslot"":{""value"":0.5681262757492814,""score"":4.541751716618761,""status"":""ok""},""V3_breakout_bar"":{""value"":0.8304532003918694,""score"":22.03021335945796},""V4_base_dryup"":{""value"":1.07034342873533,""score"":42.96565712646701},""V5_bo_expansion"":{""value"":0.6745061004296176,""score"":0},""_score"":17.34},""readiness"":{""_distance_atr"":0.37,""BR1_atr_distance"":{""score"":75.36272528626301},""BR2_compression"":{""score"":93.94295247535305},""BR3_retest"":{""score"":50.0},""BR4_bo_age"":{""score"":50.0},""_score"":71.13},""risk"":{""R1_stop_clarity"":{""score"":42.59675182042027},""R2_stop_distance_pct"":{""value"":3.4757697324702743,""score"":100.0},""R3_stop_distance_atr"":{""value"":0.6786816289023642,""score"":58.9340814451182},""R4_rr_potential"":{""value"":1.666147397042997,""score"":33.30736985214985},""_score"":60.41},""market"":{""M1_spy_regime"":{""score"":100.0},""M3_earnings_risk"":{""value"":null,""score"":80.0},""M4_vix"":{""value"":null,""score"":60.0},""_score"":84.0},""liquidity"":{""L1_price"":{""value"":406.31,""score"":100.0},""L2_dollar_vol"":{""value"":313188041.403009,""score"":100.0},""L3_spread_proxy"":{""value"":0.033417833673795805,""score"":66.5821663262042},""L4_volume_zscore"":{""value"":-0.771067726978771,""score"":100.0},""_score"":96.66},""pattern_structure"":{""left_low"":398.16,""left_idx"":31,""right_low"":398.42,""right_idx"":74,""separation_bars"":43,""structural_low"":398.16,""current_price"":405.38,""neckline_distance_pct"":0.02126399921061721,""base_bars"":43},""pattern_geometry_features"":{""low_similarity_pct"":0.0006527906801576512,""bounce_pct"":0.039783001808318195,""right_bottom_reaction"":0.32736780085432327,""atr_pct"":0.051213552635742586},""_schema_version"":""1.0""}",,,,,,,,,,
20260429T042402Z-4f6251,2026-04-29T04:24:02.652419+00:00,QTWO,double_bottom,absent,48.97,22.5,32.5,50.7,62.3,63.6,31.8,72.4,84.0,90.4,3.38,8.11,4.05,8.72,8.26,2.54,4.34,5.04,4.52,False,,50.16,54.6,48.0483,60.42,"{""trend"":{""T1_ema_stack"":{""value"":[true,false,false],""score"":33.33333333333333},""T2_ema50_slope"":{""value"":-0.21681114276306734,""score"":13.864809539488775},""T3_high_proximity"":{""value"":0.7706252880626824,""score"":0},""T4_rs_1m"":{""value"":-0.018020790692818922,""score"":31.97920930718108},""T5_rs_3m"":{""value"":-0.2532591567532301,""score"":0},""T6_adr_healthy"":{""value"":4.0466300018014305,""score"":100.0},""_score"":22.5},""geometry"":{""sub_low_similarity"":12.2,""sub_bounce_quality"":100,""sub_separation_fit"":13.3,""sub_right_bottom_reaction"":5.3,""sub_base_context"":30.0,""_score"":32.45},""compression"":{""VC1_atr_ratio"":{""value"":0.6868687242315061,""score"":78.28281894212347},""VC2_range_contraction"":{""value"":0.9326164077101564,""score"":11.230598714973931},""VC3_range_pct_rank"":{""score"":61.66666666666667},""_score"":50.66},""sr_quality"":{""SR1_touches"":{""value"":3,""score"":50.0},""SR2_tightness"":{""value"":0.12970050972229244,""score"":87.98870755011018},""SR3_recency"":{""value"":235,""score"":0.0},""SR4_price_location"":{""score"":76.35183850036049},""SR5_reaction"":{""value"":2.562152031310292,""score"":100},""_score"":62.29,""_levels_found"":7,""_target_level"":51.2533},""volume"":{""V1_rvol_day"":{""value"":1.3141030259209046,""score"":54.27353506139364},""V2_rvol_sameslot"":{""value"":1.9046983213104787,""score"":93.64655475403191,""status"":""ok""},""V3_breakout_bar"":{""value"":1.765690684926757,""score"":84.37937899511714},""V4_base_dryup"":{""value"":1.0125858865370223,""score"":48.74141134629777},""V5_bo_expansion"":{""value"":1.3141030259209046,""score"":20.940201728060302},""_score"":63.57},""readiness"":{""_distance_atr"":2.056,""BR1_atr_distance"":{""score"":0},""BR2_compression"":{""score"":57.210180832663205},""BR3_retest"":{""score"":50.0},""BR4_bo_age"":{""score"":50.0},""_score"":31.8},""risk"":{""R1_stop_clarity"":{""score"":32.238796097237966},""R2_stop_distance_pct"":{""value"":4.20992822966507,""score"":100.0},""R3_stop_distance_atr"":{""value"":0.9778005622622784,""score"":73.89002811311391},""R4_rr_potential"":{""value"":4.858644693848563,""score"":100.0},""_score"":72.37},""market"":{""M1_spy_regime"":{""score"":100.0},""M3_earnings_risk"":{""value"":null,""score"":80.0},""M4_vix"":{""value"":null,""score"":60.0},""_score"":84.0},""liquidity"":{""L1_price"":{""value"":50.16,""score"":100.0},""L2_dollar_vol"":{""value"":46331300.45989632,""score"":83.29372452303332},""L3_spread_proxy"":{""value"":0.029206539074960056,""score"":70.79346092503994},""L4_volume_zscore"":{""value"":1.0993104879440965,""score"":100.0},""_score"":90.4},""pattern_structure"":{""left_low"":50.97,""left_idx"":30,""right_low"":48.78,""right_idx"":73,""separation_bars"":43,""structural_low"":48.78,""current_price"":50.23,""neckline_distance_pct"":0.08699980091578748,""base_bars"":43},""pattern_geometry_features"":{""low_similarity_pct"":0.04390977443609018,""bounce_pct"":0.11931119311193113,""right_bottom_reaction"":0.05309734513274559,""atr_pct"":0.04305508088402825},""_schema_version"":""1.0""}",,,,,,,,,,
20260429T042402Z-4f6251,2026-04-29T04:24:02.652419+00:00,EXE,vcp,forming,48.95,8.8,53.0,82.9,56.0,16.4,34.2,64.9,84.0,98.2,1.32,13.24,9.95,6.72,2.13,2.4,3.25,5.04,4.91,True,risk_unclear,96.96,114.81,93.5159,134.06,"{""trend"":{""T1_ema_stack"":{""value"":[false,false,false],""score"":0.0},""T2_ema50_slope"":{""value"":-0.31109360930142677,""score"":0},""T3_high_proximity"":{""value"":0.8511235955056179,""score"":25.561797752808925},""T4_rs_1m"":{""value"":-0.26810697601745426,""score"":0},""T5_rs_3m"":{""value"":-0.13228024867197186,""score"":0},""T6_adr_healthy"":{""value"":2.551121461602475,""score"":100.0},""_score"":8.83},""geometry"":{""sub_contraction_count"":100.0,""sub_reduction_rate"":0,""sub_pivot_tightness"":0,""sub_volume_dryup"":53.2,""sub_base_depth"":100.0,""sub_base_duration"":100.0,""_score"":52.98},""compression"":{""VC1_atr_ratio"":{""value"":0.24316071993619418,""score"":100},""VC2_range_contraction"":{""value"":0.6648213901419,""score"":55.86310164301666},""VC3_range_pct_rank"":{""score"":93.33333333333333},""_score"":82.89},""sr_quality"":{""SR1_touches"":{""value"":2,""score"":25.0},""SR2_tightness"":{""value"":0.125,""score"":89.18688562008097},""SR3_recency"":{""value"":269,""score"":0.0},""SR4_price_location"":{""score"":80.34175805730719},""SR5_reaction"":{""value"":5.834756519404315,""score"":100},""_score"":55.96,""_levels_found"":6,""_target_level"":98.475},""volume"":{""V1_rvol_day"":{""value"":0.8047346714535224,""score"":20.315644763568162},""V2_rvol_sameslot"":{""value"":0.6229446870382895,""score"":8.196312469219302,""status"":""ok""},""V3_breakout_bar"":{""value"":0.7907260437291054,""score"":19.381736248607027},""V4_base_dryup"":{""value"":1.2079361898226728,""score"":29.206381017732724},""V5_bo_expansion"":{""value"":0.8047346714535224,""score"":0},""_score"":16.39},""readiness"":{""_distance_atr"":7.721,""BR1_atr_distance"":{""score"":0},""BR2_compression"":{""score"":66.99202751491501},""BR3_retest"":{""score"":50.0},""BR4_bo_age"":{""score"":50.0},""_score"":34.25},""risk"":{""R1_stop_clarity"":{""score"":0},""R2_stop_distance_pct"":{""value"":3.552083333333325,""score"":100.0},""R3_stop_distance_atr"":{""value"":1.4896578894351622,""score"":99.48289447175812},""R4_rr_potential"":{""value"":10.772044946430155,""score"":100.0},""_score"":64.92},""market"":{""M1_spy_regime"":{""score"":100.0},""M3_earnings_risk"":{""value"":null,""score"":80.0},""M4_vix"":{""value"":null,""score"":60.0},""_score"":84.0},""liquidity"":{""L1_price"":{""value"":96.96,""score"":100.0},""L2_dollar_vol"":{""value"":260132148.29209822,""score"":100.0},""L3_spread_proxy"":{""value"":0.018151815181518205,""score"":81.8481848184818},""L4_volume_zscore"":{""value"":-0.8970949170722291,""score"":100.0},""_score"":98.18},""pattern_structure"":{""n_contractions"":5,""contractions_pct"":[7.43,10.43,6.54,5.8,17.31],""descending_strict"":false,""final_low"":94.94,""final_pivot"":114.81,""structural_low"":94.94,""dry_up_ratio"":0.7339959442416257,""current_price"":96.96,""neckline_distance_pct"":0.18409653465346545,""base_bars"":51},""pattern_geometry_features"":{""contraction_count"":5.0,""first_contraction_pct"":0.07425081005341977,""last_contraction_pct"":0.17306854803588542,""dry_up_ratio"":0.7339959442416257,""near_monotone"":0.0,""base_depth_pct"":0.16857868464839304},""_schema_version"":""1.0""}",,,,,,,,,,
20260429T042402Z-4f6251,2026-04-29T04:24:02.652419+00:00,TRMB,double_bottom,absent,48.86,26.2,47.1,69.3,54.4,28.9,36.4,56.3,84.0,97.7,3.94,11.78,5.54,7.62,3.76,2.91,3.38,5.04,4.89,True,risk_unclear,66.64,70.8,65.4926,75.11,"{""trend"":{""T1_ema_stack"":{""value"":[false,false,false],""score"":0.0},""T2_ema50_slope"":{""value"":-0.05493872859665389,""score"":40.84354523389102},""T3_high_proximity"":{""value"":0.9457848424638093,""score"":72.89242123190465},""T4_rs_1m"":{""value"":-0.06409838231609721,""score"":0},""T5_rs_3m"":{""value"":-0.07142891073854829,""score"":14.285544630725852},""T6_adr_healthy"":{""value"":2.5400843630096213,""score"":100.0},""_score"":26.25},""geometry"":{""sub_low_similarity"":41.6,""sub_bounce_quality"":49.7,""sub_separation_fit"":73.3,""sub_right_bottom_reaction"":51.4,""sub_base_context"":30.0,""_score"":47.12},""compression"":{""VC1_atr_ratio"":{""value"":0.3497138655293066,""score"":100},""VC2_range_contraction"":{""value"":0.7445872981168937,""score"":42.56878364718438},""VC3_range_pct_rank"":{""score"":57.49999999999999},""_score"":69.27},""sr_quality"":{""SR1_touches"":{""value"":3,""score"":50.0},""SR2_tightness"":{""value"":0.28452689777164364,""score"":69.11991496722348},""SR3_recency"":{""value"":235,""score"":0.0},""SR4_price_location"":{""score"":56.223612278135725},""SR5_reaction"":{""value"":2.4907761282737026,""score"":100},""_score"":54.42,""_levels_found"":7,""_target_level"":68.0467},""volume"":{""V1_rvol_day"":{""value"":1.0948609971989511,""score"":39.65739981326341},""V2_rvol_sameslot"":{""value"":0.6659909497383247,""score"":11.066063315888314,""status"":""ok""},""V3_breakout_bar"":{""value"":0.656958255825162,""score"":10.463883721677465},""V4_base_dryup"":{""value"":0.7381603761633482,""score"":76.18396238366518},""V5_bo_expansion"":{""value"":1.0948609971989511,""score"":6.324066479930075},""_score"":28.95},""readiness"":{""_distance_atr"":2.257,""BR1_atr_distance"":{""score"":0},""BR2_compression"":{""score"":75.47939512674489},""BR3_retest"":{""score"":50.0},""BR4_bo_age"":{""score"":50.0},""_score"":36.37},""risk"":{""R1_stop_clarity"":{""score"":0},""R2_stop_distance_pct"":{""value"":1.7217136854741941,""score"":93.04284213685486},""R3_stop_distance_atr"":{""value"":0.6226171557037107,""score"":56.13085778518554},""R4_rr_potential"":{""value"":7.382228613762128,""score"":100.0},""_score"":56.33},""market"":{""M1_spy_regime"":{""score"":100.0},""M3_earnings_risk"":{""value"":null,""score"":80.0},""M4_vix"":{""value"":null,""score"":60.0},""_score"":84.0},""liquidity"":{""L1_price"":{""value"":66.64,""score"":100.0},""L2_dollar_vol"":{""value"":112724463.70765215,""score"":100.0},""L3_spread_proxy"":{""value"":0.022584033613445523,""score"":77.41596638655447},""L4_volume_zscore"":{""value"":0.5792834491601124,""score"":100.0},""_score"":97.74},""pattern_structure"":{""left_low"":68.46,""left_idx"":38,""right_low"":66.49,""right_idx"":72,""separation_bars"":34,""structural_low"":66.49,""current_price"":66.56,""neckline_distance_pct"":0.063701923076923,""base_bars"":34},""pattern_geometry_features"":{""low_similarity_pct"":0.029195998517969605,""bounce_pct"":0.06482177771093402,""right_bottom_reaction"":0.5140186915887686,""atr_pct"":0.027652846853026943},""_schema_version"":""1.0""}",,,,,,,,,,
20260429T042402Z-4f6251,2026-04-29T04:24:02.652419+00:00,PGY,vcp,setup,48.86,39.4,37.8,72.1,41.8,20.8,71.0,55.4,84.0,87.2,5.91,9.44,8.65,5.02,2.7,4.97,2.77,5.04,4.36,False,,13.47,13.45,11.229,28.85,"{""trend"":{""T1_ema_stack"":{""value"":[true,false,false],""score"":33.33333333333333},""T2_ema50_slope"":{""value"":-0.11864437089133555,""score"":30.22593818477741},""T3_high_proximity"":{""value"":0.639297579496915,""score"":0},""T4_rs_1m"":{""value"":0.08352858020417475,""score"":100},""T5_rs_3m"":{""value"":-0.37476139429530264,""score"":0},""T6_adr_healthy"":{""value"":5.811511668291958,""score"":100.0},""_score"":39.38},""geometry"":{""sub_contraction_count"":100.0,""sub_reduction_rate"":11.1,""sub_pivot_tightness"":0,""sub_volume_dryup"":0,""sub_base_depth"":0.0,""sub_base_duration"":100.0,""_score"":37.77},""compression"":{""VC1_atr_ratio"":{""value"":0.4972720447738472,""score"":100},""VC2_range_contraction"":{""value"":0.8387942517138629,""score"":26.867624714356186},""VC3_range_pct_rank"":{""score"":90.83333333333333},""_score"":72.11},""sr_quality"":{""SR1_touches"":{""value"":3,""score"":50.0},""SR2_tightness"":{""value"":0.18660713336371265,""score"":54.50508729639216},""SR3_recency"":{""value"":289,""score"":0.0},""SR4_price_location"":{""score"":14.626744891766135},""SR5_reaction"":{""value"":4.683001300269342,""score"":100},""_score"":41.83,""_levels_found"":5,""_target_level"":20.5033},""volume"":{""V1_rvol_day"":{""value"":0.8243073074016244,""score"":21.620487160108294},""V2_rvol_sameslot"":{""value"":0.7297275538299746,""score"":15.315170255331637,""status"":""ok""},""V3_breakout_bar"":{""value"":0.7526130234653942,""score"":16.840868231026278},""V4_base_dryup"":{""value"":1.0425029512225146,""score"":45.74970487774854},""V5_bo_expansion"":{""value"":0.8243073074016244,""score"":0},""_score"":20.75},""readiness"":{""_distance_atr"":-0.024,""BR1_atr_distance"":{""score"":100.0},""BR2_compression"":{""score"":54.10219504085356},""BR3_retest"":{""score"":50.0},""BR4_bo_age"":{""score"":50.0},""_score"":71.03},""risk"":{""R1_stop_clarity"":{""score"":58.31011423794944},""R2_stop_distance_pct"":{""value"":16.636971046770597,""score"":0.0},""R3_stop_distance_atr"":{""value"":2.7317846196712168,""score"":100.0},""R4_rr_potential"":{""value"":6.863007585899154,""score"":100.0},""_score"":55.41},""market"":{""M1_spy_regime"":{""score"":100.0},""M3_earnings_risk"":{""value"":null,""score"":80.0},""M4_vix"":{""value"":null,""score"":60.0},""_score"":84.0},""liquidity"":{""L1_price"":{""value"":13.47,""score"":100.0},""L2_dollar_vol"":{""value"":34660565.221646644,""score"":76.99178203118673},""L3_spread_proxy"":{""value"":0.03554565701559031,""score"":64.45434298440969},""L4_volume_zscore"":{""value"":-0.5588348405321667,""score"":100.0},""_score"":87.24},""pattern_structure"":{""n_contractions"":5,""contractions_pct"":[23.06,15.85,12.13,10.36,15.24],""descending_strict"":false,""final_low"":11.4,""final_pivot"":13.45,""structural_low"":11.4,""dry_up_ratio"":1.101010815214151,""current_price"":13.47,""neckline_distance_pct"":-0.0014847809948033666,""base_bars"":63},""pattern_geometry_features"":{""contraction_count"":5.0,""first_contraction_pct"":0.23059701492537313,""last_contraction_pct"":0.15241635687732336,""dry_up_ratio"":1.101010815214151,""near_monotone"":0.0,""base_depth_pct"":0.5746268656716418},""_schema_version"":""1.0""}",,,,,,,,,,
20260429T042402Z-4f6251,2026-04-29T04:24:02.652419+00:00,FROG,vcp,forming,48.81,19.7,52.4,64.7,43.9,20.3,47.4,80.6,84.0,94.0,2.96,13.11,7.76,5.26,2.64,3.32,4.03,5.04,4.7,False,,45.5,47.55,42.286,66.02,"{""trend"":{""T1_ema_stack"":{""value"":[true,false,false],""score"":33.33333333333333},""T2_ema50_slope"":{""value"":-0.10775233330457387,""score"":32.04127778257102},""T3_high_proximity"":{""value"":0.7573866000832292,""score"":0},""T4_rs_1m"":{""value"":-0.0724204868329481,""score"":0},""T5_rs_3m"":{""value"":-0.25432216795376483,""score"":0},""T6_adr_healthy"":{""value"":5.997717671148668,""score"":100.0},""_score"":19.74},""geometry"":{""sub_contraction_count"":100.0,""sub_reduction_rate"":0,""sub_pivot_tightness"":4.0,""sub_volume_dryup"":46.0,""sub_base_depth"":99.2,""sub_base_duration"":100.0,""_score"":52.42},""compression"":{""VC1_atr_ratio"":{""value"":0.3388719803335107,""score"":100},""VC2_range_contraction"":{""value"":0.7379994749094925,""score"":43.66675418175126},""VC3_range_pct_rank"":{""score"":37.5},""_score"":64.66},""sr_quality"":{""SR1_touches"":{""value"":2,""score"":25.0},""SR2_tightness"":{""value"":0.07750000000000057,""score"":93.96047870860002},""SR3_recency"":{""value"":235,""score"":0.0},""SR4_price_location"":{""score"":29.0331491712707},""SR5_reaction"":{""value"":5.590453659894241,""score"":100},""_score"":43.85,""_levels_found"":6,""_target_level"":51.9225},""volume"":{""V1_rvol_day"":{""value"":1.1216077864895468,""score"":41.440519099303124},""V2_rvol_sameslot"":{""value"":0.8567166498309202,""score"":23.781109988728012,""status"":""ok""},""V3_breakout_bar"":{""value"":0.8605569033476844,""score"":24.037126889845627},""V4_base_dryup"":{""value"":1.7524191481245905,""score"":0},""V5_bo_expansion"":{""value"":1.121607786489547,""score"":8.107185765969804},""_score"":20.27},""readiness"":{""_distance_atr"":0.799,""BR1_atr_distance"":{""score"":46.74830689303281},""BR2_compression"":{""score"":44.71921872500986},""BR3_retest"":{""score"":50.0},""BR4_bo_age"":{""score"":50.0},""_score"":47.38},""risk"":{""R1_stop_clarity"":{""score"":49.8174227664901},""R2_stop_distance_pct"":{""value"":7.063626373626383,""score"":100.0},""R3_stop_distance_atr"":{""value"":1.2523044809351536,""score"":87.61522404675767},""R4_rr_potential"":{""value"":6.384666842981368,""score"":100.0},""_score"":80.58},""market"":{""M1_spy_regime"":{""score"":100.0},""M3_earnings_risk"":{""value"":null,""score"":80.0},""M4_vix"":{""value"":null,""score"":60.0},""_score"":84.0},""liquidity"":{""L1_price"":{""value"":45.5,""score"":100.0},""L2_dollar_vol"":{""value"":127136492.06949599,""score"":100.0},""L3_spread_proxy"":{""value"":0.05999999999999993,""score"":40.00000000000007},""L4_volume_zscore"":{""value"":0.26196470575338004,""score"":100.0},""_score"":94.0},""pattern_structure"":{""n_contractions"":5,""contractions_pct"":[25.52,34.32,4.24,20.96,9.72],""descending_strict"":false,""final_low"":42.93,""final_pivot"":47.55,""structural_low"":42.93,""dry_up_ratio"":0.7701393860385992,""current_price"":45.5,""neckline_distance_pct"":0.04505494505494499,""base_bars"":59},""pattern_geometry_features"":{""contraction_count"":5.0,""first_contraction_pct"":0.25521172638436485,""last_contraction_pct"":0.09716088328075705,""dry_up_ratio"":0.7701393860385992,""near_monotone"":0.0,""base_depth_pct"":0.300814332247557},""_schema_version"":""1.0""}",,,,,,,,,,
20260429T042402Z-4f6251,2026-04-29T04:24:02.652419+00:00,V,double_bottom,absent,48.78,25.0,37.4,63.0,53.2,57.0,29.1,58.1,84.0,98.3,3.75,9.35,5.04,7.45,7.42,2.33,3.49,5.04,4.92,True,risk_unclear,309.3,319.44,304.2123,330.035,"{""trend"":{""T1_ema_stack"":{""value"":[false,false,false],""score"":0.0},""T2_ema50_slope"":{""value"":-0.047046910717665286,""score"":42.15884821372245},""T3_high_proximity"":{""value"":0.926491732566499,""score"":63.24586628324946},""T4_rs_1m"":{""value"":-0.07575043403605308,""score"":0},""T5_rs_3m"":{""value"":-0.07236136772199064,""score"":13.819316139004677},""T6_adr_healthy"":{""value"":1.8265893460599985,""score"":100.0},""_score"":24.99},""geometry"":{""sub_low_similarity"":63.3,""sub_bounce_quality"":6.2,""sub_separation_fit"":0.0,""sub_right_bottom_reaction"":74.5,""sub_base_context"":30.0,""_score"":37.4},""compression"":{""VC1_atr_ratio"":{""value"":0.2574376614439932,""score"":100},""VC2_range_contraction"":{""value"":0.8370010730475486,""score"":27.166487825408574},""VC3_range_pct_rank"":{""score"":54.16666666666667},""_score"":63.05},""sr_quality"":{""SR1_touches"":{""value"":2,""score"":25.0},""SR2_tightness"":{""value"":1.2949999999999875,""score"":52.2036918891278},""SR3_recency"":{""value"":235,""score"":0.0},""SR4_price_location"":{""score"":91.43525672155825},""SR5_reaction"":{""value"":2.15360199094164,""score"":100},""_score"":53.19,""_levels_found"":8,""_target_level"":309.785},""volume"":{""V1_rvol_day"":{""value"":1.4055853181813927,""score"":60.37235454542618},""V2_rvol_sameslot"":{""value"":1.6089712229513908,""score"":73.93141486342606,""status"":""ok""},""V3_breakout_bar"":{""value"":1.3805654116623551,""score"":58.704360777490336},""V4_base_dryup"":{""value"":0.9270780674955558,""score"":57.29219325044442},""V5_bo_expansion"":{""value"":1.4055853181813924,""score"":27.039021212092827},""_score"":57.05},""readiness"":{""_distance_atr"":1.871,""BR1_atr_distance"":{""score"":0},""BR2_compression"":{""score"":46.35120381614392},""BR3_retest"":{""score"":50.0},""BR4_bo_age"":{""score"":50.0},""_score"":29.09},""risk"":{""R1_stop_clarity"":{""score"":0},""R2_stop_distance_pct"":{""value"":1.6448997736825055,""score"":91.12249434206264},""R3_stop_distance_atr"":{""value"":0.9388883469806317,""score"":71.94441734903158},""R4_rr_potential"":{""value"":4.0755354852658625,""score"":100.0},""_score"":58.13},""market"":{""M1_spy_regime"":{""score"":100.0},""M3_earnings_risk"":{""value"":null,""score"":80.0},""M4_vix"":{""value"":null,""score"":60.0},""_score"":84.0},""liquidity"":{""L1_price"":{""value"":309.3,""score"":100.0},""L2_dollar_vol"":{""value"":2740565952.2039757,""score"":100.0},""L3_spread_proxy"":{""value"":0.016876818622696316,""score"":83.12318137730368},""L4_volume_zscore"":{""value"":1.6620014171444286,""score"":100.0},""_score"":98.31},""pattern_structure"":{""left_low"":314.57,""left_idx"":27,""right_low"":308.845,""right_idx"":73,""separation_bars"":46,""structural_low"":308.845,""current_price"":309.62,""neckline_distance_pct"":0.03171629739680897,""base_bars"":46},""pattern_geometry_features"":{""low_similarity_pct"":0.01836657764089721,""bounce_pct"":0.03430523401706348,""right_bottom_reaction"":0.7449664429530053,""atr_pct"":0.017519652671932014},""_schema_version"":""1.0""}",,,,,,,,,,
20260429T042402Z-4f6251,2026-04-29T04:24:02.652419+00:00,FBK,cup_with_handle,absent,48.7,41.1,49.8,59.4,50.6,27.5,27.1,65.0,84.0,79.8,5.75,14.94,4.75,6.07,3.58,2.17,3.25,4.2,3.99,True,risk_unclear,54.82,56.765,52.0375,63.795,"{""trend"":{""T1_ema_stack"":{""value"":[true,false,true],""score"":66.66666666666666},""T2_ema50_slope"":{""value"":3.2419264110443214e-05,""score"":50.005403210685074},""T3_high_proximity"":{""value"":0.889790618406103,""score"":44.89530920305146},""T4_rs_1m"":{""value"":-0.0518860596387527,""score"":0},""T5_rs_3m"":{""value"":-0.06439840506376737,""score"":17.800797468116315},""T6_adr_healthy"":{""value"":2.4341085149379844,""score"":100.0},""_score"":41.07},""geometry"":{""sub_cup_depth"":44.9,""sub_cup_duration"":0.0,""sub_rim_symmetry"":82.4,""sub_handle_shallowness"":42.2,""sub_handle_proportion"":100.0,""sub_u_shape"":39.3,""_score"":49.8},""compression"":{""VC1_atr_ratio"":{""value"":0.43436418378886876,""score"":100},""VC2_range_contraction"":{""value"":0.9179031570457034,""score"":13.682807159049442},""VC3_range_pct_rank"":{""score"":58.33333333333333},""_score"":59.37},""sr_quality"":{""SR1_touches"":{""value"":2,""score"":25.0},""SR2_tightness"":{""value"":0.3549999999999969,""score"":51.9150136081967},""SR3_recency"":{""value"":300,""score"":0.0},""SR4_price_location"":{""score"":81.33897652943445},""SR5_reaction"":{""value"":2.2112321206935093,""score"":100},""_score"":50.62,""_levels_found"":4,""_target_level"":55.305},""volume"":{""V1_rvol_day"":{""value"":0.6887778234970544,""score"":12.58518823313696},""V2_rvol_sameslot"":{""value"":0.6889237779543227,""score"":12.59491853028818,""status"":""ok""},""V3_breakout_bar"":{""value"":1.2067761325748592,""score"":47.118408838323944},""V4_base_dryup"":{""value"":0.9651222195826886,""score"":53.48777804173114},""V5_bo_expansion"":{""value"":0.6887778234970543,""score"":0},""_score"":27.51},""readiness"":{""_distance_atr"":1.317,""BR1_atr_distance"":{""score"":12.182818279757512},""BR2_compression"":{""score"":19.109223113955206},""BR3_retest"":{""score"":50.0},""BR4_bo_age"":{""score"":50.0},""_score"":27.15},""risk"":{""R1_stop_clarity"":{""score"":0},""R2_stop_distance_pct"":{""value"":5.075611090842766,""score"":100.0},""R3_stop_distance_atr"":{""value"":1.884423526561612,""score"":100.0},""R4_rr_potential"":{""value"":3.2255745835504634,""score"":100.0},""_score"":65.0},""market"":{""M1_spy_regime"":{""score"":100.0},""M3_earnings_risk"":{""value"":null,""score"":80.0},""M4_vix"":{""value"":null,""score"":60.0},""_score"":84.0},""liquidity"":{""L1_price"":{""value"":54.82,""score"":100.0},""L2_dollar_vol"":{""value"":12616601.19915712,""score"":55.04711877846913},""L3_spread_proxy"":{""value"":0.021707406056183834,""score"":78.29259394381617},""L4_volume_zscore"":{""value"":-0.7973051005296301,""score"":100.0},""_score"":79.85},""pattern_structure"":{""left_rim"":56.27,""left_rim_idx"":54,""cup_bottom"":49.24,""cup_bottom_idx"":144,""right_rim"":56.765,""right_rim_idx"":166,""handle_low"":52.83,""handle_bars"":13,""cup_bars"":112,""structural_low"":52.83,""current_price"":54.82,""neckline_distance_pct"":0.03547975191535936,""base_bars"":125},""pattern_geometry_features"":{""cup_depth_pct"":0.12493335702861207,""rim_symmetry_pct"":0.00879687222320948,""handle_depth_pct"":0.06932088434774954,""handle_to_cup_ratio"":0.11607142857142858,""cup_duration_bars"":112.0,""atr_pct"":0.026934555949340702,""u_shape_score"":0.19642857142857142},""_schema_version"":""1.0""}",,,,,,,,,,
20260429T042402Z-4f6251,2026-04-29T04:24:02.652419+00:00,EPRT,vcp,absent,48.61,49.5,35.0,52.7,39.0,46.7,32.7,63.0,84.0,97.6,7.43,8.75,6.33,4.68,6.07,2.29,3.15,5.04,4.88,True,risk_unclear,31.35,34.73,29.6583,36.09,"{""trend"":{""T1_ema_stack"":{""value"":[false,true,true],""score"":66.66666666666666},""T2_ema50_slope"":{""value"":0.0365870275276238,""score"":56.09783792127063},""T3_high_proximity"":{""value"":0.9063313096270598,""score"":53.16565481352986},""T4_rs_1m"":{""value"":-0.09045120317826294,""score"":0},""T5_rs_3m"":{""value"":0.015474465461898124,""score"":57.73723273094906},""T6_adr_healthy"":{""value"":2.0760431888852757,""score"":100.0},""_score"":49.52},""geometry"":{""sub_contraction_count"":100.0,""sub_reduction_rate"":0,""sub_pivot_tightness"":0,""sub_volume_dryup"":0,""sub_base_depth"":0.0,""sub_base_duration"":100.0,""_score"":35.0},""compression"":{""VC1_atr_ratio"":{""value"":0.5968957305489171,""score"":100},""VC2_range_contraction"":{""value"":1.2144827317681754,""score"":0},""VC3_range_pct_rank"":{""score"":50.83333333333333},""_score"":52.71},""sr_quality"":{""SR1_touches"":{""value"":2,""score"":25.0},""SR2_tightness"":{""value"":0.005000000000002558,""score"":98.60034991252115},""SR3_recency"":{""value"":234,""score"":0.0},""SR4_price_location"":{""score"":11.025819958130107},""SR5_reaction"":{""value"":1.8545363659085217,""score"":92.72681829542609},""_score"":38.96,""_levels_found"":4,""_target_level"":32.625},""volume"":{""V1_rvol_day"":{""value"":1.1510117806353795,""score"":43.40078537569197},""V2_rvol_sameslot"":{""value"":1.2950776123804897,""score"":53.00517415869931,""status"":""ok""},""V3_breakout_bar"":{""value"":1.6590835649087892,""score"":77.27223766058594},""V4_base_dryup"":{""value"":1.1716185520164837,""score"":32.838144798351635},""V5_bo_expansion"":{""value"":1.1510117806353795,""score"":10.067452042358632},""_score"":46.68},""readiness"":{""_distance_atr"":4.731,""BR1_atr_distance"":{""score"":0},""BR2_compression"":{""score"":60.666327246959305},""BR3_retest"":{""score"":50.0},""BR4_bo_age"":{""score"":50.0},""_score"":32.67},""risk"":{""R1_stop_clarity"":{""score"":0},""R2_stop_distance_pct"":{""value"":5.396012759170662,""score"":100.0},""R3_stop_distance_atr"":{""value"":2.367718070482383,""score"":100.0},""R4_rr_potential"":{""value"":2.801998049241857,""score"":90.09990246209286},""_score"":63.02},""market"":{""M1_spy_regime"":{""score"":100.0},""M3_earnings_risk"":{""value"":null,""score"":80.0},""M4_vix"":{""value"":null,""score"":60.0},""_score"":84.0},""liquidity"":{""L1_price"":{""value"":31.35,""score"":100.0},""L2_dollar_vol"":{""value"":91980709.0300329,""score"":98.18483764972652},""L3_spread_proxy"":{""value"":0.01642743221690592,""score"":83.57256778309409},""L4_volume_zscore"":{""value"":0.38080128195592394,""score"":100.0},""_score"":97.63},""pattern_structure"":{""n_contractions"":5,""contractions_pct"":[3.5,2.94,6.09,4.78,13.3],""descending_strict"":false,""final_low"":30.11,""final_pivot"":34.73,""structural_low"":30.11,""dry_up_ratio"":1.1250027187389386,""current_price"":31.35,""neckline_distance_pct"":0.1078149920255182,""base_bars"":77},""pattern_geometry_features"":{""contraction_count"":5.0,""first_contraction_pct"":0.03495392437241811,""last_contraction_pct"":0.13302620213072266,""dry_up_ratio"":1.1250027187389386,""near_monotone"":0.0,""base_depth_pct"":0.043215761042262456},""_schema_version"":""1.0""}",,,,,,,,,,
20260429T042402Z-4f6251,2026-04-29T04:24:02.652419+00:00,FUBO,double_bottom,absent,48.56,24.6,43.7,79.0,44.4,21.9,61.2,77.9,84.0,79.4,3.69,10.93,6.32,6.21,2.84,4.9,4.67,5.04,3.97,False,,11.49,12.0899,11.1798,12.8298,"{""trend"":{""T1_ema_stack"":{""value"":[false,false,false],""score"":0.0},""T2_ema50_slope"":{""value"":-1.2217716670530125,""score"":0},""T3_high_proximity"":{""value"":0.41094420600858367,""score"":0},""T4_rs_1m"":{""value"":0.11576644795337998,""score"":100},""T5_rs_3m"":{""value"":-0.6192844913457791,""score"":0},""T6_adr_healthy"":{""value"":8.33046306263282,""score"":91.73842343417951},""_score"":24.59},""geometry"":{""sub_low_similarity"":37.5,""sub_bounce_quality"":50.3,""sub_separation_fit"":93.3,""sub_right_bottom_reaction"":16.0,""sub_base_context"":30.0,""_score"":43.7},""compression"":{""VC1_atr_ratio"":{""value"":0.33190952357495884,""score"":100},""VC2_range_contraction"":{""value"":0.757250721028504,""score"":40.458213161916},""VC3_range_pct_rank"":{""score"":99.16666666666667},""_score"":78.95},""sr_quality"":{""SR1_touches"":{""value"":2,""score"":25.0},""SR2_tightness"":{""value"":0.05999999999999961,""score"":86.37182211983071},""SR3_recency"":{""value"":256,""score"":0.0},""SR4_price_location"":{""score"":35.60685951619972},""SR5_reaction"":{""value"":2.044226682025408,""score"":100},""_score"":44.36,""_levels_found"":4,""_target_level"":13.38},""volume"":{""V1_rvol_day"":{""value"":0.46188479037983615,""score"":0},""V2_rvol_sameslot"":{""value"":0.45831054160115947,""score"":0,""status"":""ok""},""V3_breakout_bar"":{""value"":0.6388493763193396,""score"":9.256625087955971},""V4_base_dryup"":{""value"":0.5221263475300684,""score"":97.78736524699316},""V5_bo_expansion"":{""value"":0.46188479037983615,""score"":0},""_score"":21.87},""readiness"":{""_distance_atr"":0.681,""BR1_atr_distance"":{""score"":54.580311609368835},""BR2_compression"":{""score"":87.5902090231368},""BR3_retest"":{""score"":50.0},""BR4_bo_age"":{""score"":50.0},""_score"":61.23},""risk"":{""R1_stop_clarity"":{""score"":61.330045265019535},""R2_stop_distance_pct"":{""value"":2.7001740644038286,""score"":100.0},""R3_stop_distance_atr"":{""value"":0.3523451822768791,""score"":42.61725911384395},""R4_rr_potential"":{""value"":4.318452860596295,""score"":100.0},""_score"":77.86},""market"":{""M1_spy_regime"":{""score"":100.0},""M3_earnings_risk"":{""value"":null,""score"":80.0},""M4_vix"":{""value"":null,""score"":60.0},""_score"":84.0},""liquidity"":{""L1_price"":{""value"":11.49,""score"":100.0},""L2_dollar_vol"":{""value"":12230019.003737459,""score"":54.37135659348189},""L3_spread_proxy"":{""value"":0.02349869451697124,""score"":76.50130548302876},""L4_volume_zscore"":{""value"":-0.8099060589592251,""score"":100.0},""_score"":79.4},""pattern_structure"":{""left_low"":11.7101,""left_idx"":63,""right_low"":11.35,""right_idx"":72,""separation_bars"":9,""structural_low"":11.35,""current_price"":11.48,""neckline_distance_pct"":0.0531271777003484,""base_bars"":9},""pattern_geometry_features"":{""low_similarity_pct"":0.031231434382331474,""bounce_pct"":0.06518942731277537,""right_bottom_reaction"":0.1600000000000037,""atr_pct"":0.0766343404202412},""_schema_version"":""1.0""}",,,,,,,,,,
20260429T042402Z-4f6251,2026-04-29T04:24:02.652419+00:00,PCTY,vcp,absent,48.56,5.0,47.3,58.5,40.5,52.3,52.8,75.0,84.0,96.2,0.75,11.82,7.02,4.86,6.8,3.7,3.75,5.04,4.81,False,,102.27,106.19,96.3724,162.75,"{""trend"":{""T1_ema_stack"":{""value"":[false,false,false],""score"":0.0},""T2_ema50_slope"":{""value"":-0.4734729807646477,""score"":0},""T3_high_proximity"":{""value"":0.7269173359869215,""score"":0},""T4_rs_1m"":{""value"":-0.15198443055698074,""score"":0},""T5_rs_3m"":{""value"":-0.3037910306286754,""score"":0},""T6_adr_healthy"":{""value"":4.261963024660869,""score"":100.0},""_score"":5.0},""geometry"":{""sub_contraction_count"":100.0,""sub_reduction_rate"":0,""sub_pivot_tightness"":30.6,""sub_volume_dryup"":28.9,""sub_base_depth"":33.7,""sub_base_duration"":100.0,""_score"":47.29},""compression"":{""VC1_atr_ratio"":{""value"":0.2711109768556317,""score"":100},""VC2_range_contraction"":{""value"":0.864861024927004,""score"":22.523162512166},""VC3_range_pct_rank"":{""score"":42.50000000000001},""_score"":58.51},""sr_quality"":{""SR1_touches"":{""value"":2,""score"":25.0},""SR2_tightness"":{""value"":0.10000000000000142,""score"":95.31456817888971},""SR3_recency"":{""value"":235,""score"":0.0},""SR4_price_location"":{""score"":14.914011840992433},""SR5_reaction"":{""value"":3.061929695095527,""score"":100},""_score"":40.53,""_levels_found"":5,""_target_level"":109.815},""volume"":{""V1_rvol_day"":{""value"":1.1873493399071253,""score"":45.82328932714169},""V2_rvol_sameslot"":{""value"":1.3095411995198603,""score"":53.96941330132402,""status"":""ok""},""V3_breakout_bar"":{""value"":1.933737499392508,""score"":95.58249995950054},""V4_base_dryup"":{""value"":1.1708926637584922,""score"":32.91073362415078},""V5_bo_expansion"":{""value"":1.1873493399071255,""score"":12.48995599380837},""_score"":52.31},""readiness"":{""_distance_atr"":0.918,""BR1_atr_distance"":{""score"":38.77702420415984},""BR2_compression"":{""score"":79.21675693057514},""BR3_retest"":{""score"":50.0},""BR4_bo_age"":{""score"":50.0},""_score"":52.81},""risk"":{""R1_stop_clarity"":{""score"":31.23660259338628},""R2_stop_distance_pct"":{""value"":5.7666960007822405,""score"":100.0},""R3_stop_distance_atr"":{""value"":1.3816401354089793,""score"":94.08200677044897},""R4_rr_potential"":{""value"":10.255018990775914,""score"":100.0},""_score"":75.05},""market"":{""M1_spy_regime"":{""score"":100.0},""M3_earnings_risk"":{""value"":null,""score"":80.0},""M4_vix"":{""value"":null,""score"":60.0},""_score"":84.0},""liquidity"":{""L1_price"":{""value"":102.27,""score"":100.0},""L2_dollar_vol"":{""value"":97997760.72980501,""score"":99.56080760411452},""L3_spread_proxy"":{""value"":0.03598318177373612,""score"":64.01681822626388},""L4_volume_zscore"":{""value"":0.5048637886544272,""score"":100.0},""_score"":96.23},""pattern_structure"":{""n_contractions"":5,""contractions_pct"":[11.17,31.81,8.57,15.24,7.86],""descending_strict"":false,""final_low"":97.84,""final_pivot"":106.19,""structural_low"":97.84,""dry_up_ratio"":0.8556356708286187,""current_price"":102.27,""neckline_distance_pct"":0.038329911019849436,""base_bars"":72},""pattern_geometry_features"":{""contraction_count"":5.0,""first_contraction_pct"":0.11172279792746113,""last_contraction_pct"":0.07863263960824932,""dry_up_ratio"":0.8556356708286187,""near_monotone"":0.0,""base_depth_pct"":0.3663212435233161},""_schema_version"":""1.0""}",,,,,,,,,,
20260429T042402Z-4f6251,2026-04-29T04:24:02.652419+00:00,INOD,double_bottom,absent,48.45,16.7,48.3,63.7,47.3,30.0,62.1,67.2,84.0,84.1,2.51,12.08,5.09,6.62,3.9,4.97,4.03,5.04,4.2,False,,41.88,42.92,39.4886,45.75,"{""trend"":{""T1_ema_stack"":{""value"":[false,false,false],""score"":0.0},""T2_ema50_slope"":{""value"":-0.2833013121595335,""score"":2.7831146400777413},""T3_high_proximity"":{""value"":0.6558095834638271,""score"":0},""T4_rs_1m"":{""value"":0.005852654849931582,""score"":55.85265484993158},""T5_rs_3m"":{""value"":-0.30922643400066163,""score"":0},""T6_adr_healthy"":{""value"":6.638269007609053,""score"":100.0},""_score"":16.73},""geometry"":{""sub_low_similarity"":26.9,""sub_bounce_quality"":58.0,""sub_separation_fit"":100.0,""sub_right_bottom_reaction"":51.0,""sub_base_context"":30.0,""_score"":48.32},""compression"":{""VC1_atr_ratio"":{""value"":0.4426772520023947,""score"":100},""VC2_range_contraction"":{""value"":0.876405920035155,""score"":20.599013327474157},""VC3_range_pct_rank"":{""score"":65.83333333333333},""_score"":63.67},""sr_quality"":{""SR1_touches"":{""value"":4,""score"":75.0},""SR2_tightness"":{""value"":0.6918997305188089,""score"":55.50759954130853},""SR3_recency"":{""value"":244,""score"":0.0},""SR4_price_location"":{""score"":5.82913150104311},""SR5_reaction"":{""value"":2.1864695574688753,""score"":100},""_score"":47.28,""_levels_found"":6,""_target_level"":46.5542},""volume"":{""V1_rvol_day"":{""value"":0.7215078938669837,""score"":14.767192924465578},""V2_rvol_sameslot"":{""value"":0.8151756356312555,""score"":21.0117090420837,""status"":""ok""},""V3_breakout_bar"":{""value"":1.0284502999871064,""score"":35.230019999140424},""V4_base_dryup"":{""value"":0.7968420908281216,""score"":70.31579091718784},""V5_bo_expansion"":{""value"":0.7215078938669837,""score"":0},""_score"":30.03},""readiness"":{""_distance_atr"":0.334,""BR1_atr_distance"":{""score"":77.7077060754922},""BR2_compression"":{""score"":54.27470572823205},""BR3_retest"":{""score"":50.0},""BR4_bo_age"":{""score"":50.0},""_score"":62.15},""risk"":{""R1_stop_clarity"":{""score"":61.33037225528021},""R2_stop_distance_pct"":{""value"":5.710004775549194,""score"":100.0},""R3_stop_distance_atr"":{""value"":0.7688751501399785,""score"":63.443757506998935},""R4_rr_potential"":{""value"":1.6183327409203976,""score"":30.91663704601988},""_score"":67.17},""market"":{""M1_spy_regime"":{""score"":100.0},""M3_earnings_risk"":{""value"":null,""score"":80.0},""M4_vix"":{""value"":null,""score"":60.0},""_score"":84.0},""liquidity"":{""L1_price"":{""value"":41.88,""score"":100.0},""L2_dollar_vol"":{""value"":28667428.508100964,""score"":72.86943690608116},""L3_spread_proxy"":{""value"":0.0506208213944603,""score"":49.3791786055397},""L4_volume_zscore"":{""value"":-0.8431929104387947,""score"":100.0},""_score"":84.09},""pattern_structure"":{""left_low"":41.5822,""left_idx"":64,""right_low"":40.09,""right_idx"":74,""separation_bars"":10,""structural_low"":40.09,""current_price"":42.02,""neckline_distance_pct"":0.021418372203712482,""base_bars"":10},""pattern_geometry_features"":{""low_similarity_pct"":0.03654119761681446,""bounce_pct"":0.07059116986779741,""right_bottom_reaction"":0.5098039215686269,""atr_pct"":0.07426439486969572},""_schema_version"":""1.0""}",,,,,,,,,,
20260429T042402Z-4f6251,2026-04-29T04:24:02.652419+00:00,AGYS,double_bottom,forming,48.34,5.0,55.2,58.7,56.0,29.9,52.0,71.9,84.0,76.8,0.75,13.8,4.69,7.85,3.89,4.16,4.31,5.04,3.84,False,,66.49,69.83,64.0349,74.65,"{""trend"":{""T1_ema_stack"":{""value"":[false,false,false],""score"":0.0},""T2_ema50_slope"":{""value"":-0.6416529193152151,""score"":0},""T3_high_proximity"":{""value"":0.744985994397759,""score"":0},""T4_rs_1m"":{""value"":-0.17751723607145464,""score"":0},""T5_rs_3m"":{""value"":-0.2915077661757908,""score"":0},""T6_adr_healthy"":{""value"":4.724871785558253,""score"":100.0},""_score"":5.0},""geometry"":{""sub_low_similarity"":68.9,""sub_bounce_quality"":63.1,""sub_separation_fit"":86.7,""sub_right_bottom_reaction"":19.5,""sub_base_context"":30.0,""_score"":55.22},""compression"":{""VC1_atr_ratio"":{""value"":0.39396843369905193,""score"":100},""VC2_range_contraction"":{""value"":0.9371252418353023,""score"":10.479126360782946},""VC3_range_pct_rank"":{""score"":60.0},""_score"":58.67},""sr_quality"":{""SR1_touches"":{""value"":3,""score"":50.0},""SR2_tightness"":{""value"":0.7442221890448231,""score"":49.57563624268906},""SR3_recency"":{""value"":242,""score"":0.0},""SR4_price_location"":{""score"":74.44487728866362},""SR5_reaction"":{""value"":2.8682716404884445,""score"":100},""_score"":56.05,""_levels_found"":7,""_target_level"":68.13},""volume"":{""V1_rvol_day"":{""value"":0.5687388135620328,""score"":4.582587570802188},""V2_rvol_sameslot"":{""value"":0.4289837795975736,""score"":0,""status"":""ok""},""V3_breakout_bar"":{""value"":1.2030181824013888,""score"":46.86787882675925},""V4_base_dryup"":{""value"":0.634455519827631,""score"":86.5544480172369},""V5_bo_expansion"":{""value"":0.5687388135620328,""score"":0},""_score"":29.94},""readiness"":{""_distance_atr"":1.131,""BR1_atr_distance"":{""score"":24.566714336760498},""BR2_compression"":{""score"":98.55679980591907},""BR3_retest"":{""score"":50.0},""BR4_bo_age"":{""score"":50.0},""_score"":51.97},""risk"":{""R1_stop_clarity"":{""score"":33.92924983726839},""R2_stop_distance_pct"":{""value"":3.6925101519025256,""score"":100.0},""R3_stop_distance_atr"":{""value"":0.8317366674974616,""score"":66.58683337487308},""R4_rr_potential"":{""value"":3.3236258477078926,""score"":100.0},""_score"":71.86},""market"":{""M1_spy_regime"":{""score"":100.0},""M3_earnings_risk"":{""value"":null,""score"":80.0},""M4_vix"":{""value"":null,""score"":60.0},""_score"":84.0},""liquidity"":{""L1_price"":{""value"":66.49,""score"":100.0},""L2_dollar_vol"":{""value"":10275756.061803209,""score"":50.59068929572233},""L3_spread_proxy"":{""value"":0.034591667919987926,""score"":65.40833208001207},""L4_volume_zscore"":{""value"":-1.1123832284414827,""score"":100.0},""_score"":76.78},""pattern_structure"":{""left_low"":65.01,""left_idx"":41,""right_low"":66.03,""right_idx"":73,""separation_bars"":32,""structural_low"":65.01,""current_price"":66.42,""neckline_distance_pct"":0.05133995784402283,""base_bars"":32},""pattern_geometry_features"":{""low_similarity_pct"":0.015567765567765504,""bounce_pct"":0.07414243962467301,""right_bottom_reaction"":0.1948051948052023,""atr_pct"":0.04439518294910083},""_schema_version"":""1.0""}",,,,,,,,,,
20260429T042402Z-4f6251,2026-04-29T04:24:02.652419+00:00,WAY,bull_flag,absent,48.28,25.1,45.6,50.3,48.1,41.3,49.1,63.7,84.0,91.8,3.52,13.67,4.53,4.81,5.79,4.42,1.91,5.04,4.59,False,,25.23,26.32,24.9205,28.595,"{""trend"":{""T1_ema_stack"":{""value"":[true,false,false],""score"":33.33333333333333},""T2_ema50_slope"":{""value"":-0.20184757882485616,""score"":16.35873686252397},""T3_high_proximity"":{""value"":0.9134685010861694,""score"":56.73425054308468},""T4_rs_1m"":{""value"":-0.05058741048273774,""score"":0},""T5_rs_3m"":{""value"":-0.12924615482770374,""score"":0},""T6_adr_healthy"":{""value"":5.0347576425832266,""score"":100.0},""_score"":25.12},""geometry"":{""sub_pole_impulse"":22.4,""sub_flag_tightness"":52.5,""sub_flag_shallowness"":18.1,""sub_flag_drift"":80.7,""sub_flag_duration"":100.0,""_score"":45.57},""compression"":{""VC1_atr_ratio"":{""value"":0.4521424958751757,""score"":100},""VC2_range_contraction"":{""value"":0.9516796017601824,""score"":8.053399706636267},""VC3_range_pct_rank"":{""score"":30.000000000000004},""_score"":50.32},""sr_quality"":{""SR1_touches"":{""value"":4,""score"":75.0},""SR2_tightness"":{""value"":0.3259888801784495,""score"":48.221977791663576},""SR3_recency"":{""value"":303,""score"":0.0},""SR4_price_location"":{""score"":13.624349901952462},""SR5_reaction"":{""value"":2.0251297614658084,""score"":100},""_score"":48.14,""_levels_found"":5,""_target_level"":33.6725},""volume"":{""V1_rvol_day"":{""value"":1.0852455929740934,""score"":39.016372864939555},""V2_rvol_sameslot"":{""value"":0.9170941142419595,""score"":27.8062742827973,""status"":""ok""},""V3_breakout_bar"":{""value"":1.2844705965053793,""score"":52.29803976702529},""V4_base_dryup"":{""value"":0.7982140752073369,""score"":70.17859247926631},""V5_bo_expansion"":{""value"":1.0852455929740936,""score"":5.683039531606241},""_score"":41.33},""readiness"":{""_distance_atr"":0.866,""BR1_atr_distance"":{""score"":42.29041986934037},""BR2_compression"":{""score"":58.65804596459142},""BR3_retest"":{""score"":50.0},""BR4_bo_age"":{""score"":50.0},""_score"":49.08},""risk"":{""R1_stop_clarity"":{""score"":39.72260827637062},""R2_stop_distance_pct"":{""value"":1.2267142290923498,""score"":80.66785572730875},""R3_stop_distance_atr"":{""value"":0.24579516124457548,""score"":37.28975806222877},""R4_rr_potential"":{""value"":10.872374798061388,""score"":100.0},""_score"":63.7},""market"":{""M1_spy_regime"":{""score"":100.0},""M3_earnings_risk"":{""value"":null,""score"":80.0},""M4_vix"":{""value"":null,""score"":60.0},""_score"":84.0},""liquidity"":{""L1_price"":{""value"":25.23,""score"":100.0},""L2_dollar_vol"":{""value"":65687318.00730792,""score"":90.87407650608009},""L3_spread_proxy"":{""value"":0.04538248117320648,""score"":54.61751882679352},""L4_volume_zscore"":{""value"":0.2601139309155985,""score"":100.0},""_score"":91.81},""pattern_structure"":{""pole_low"":24.045,""pole_low_idx"":40,""peak_price"":26.32,""peak_idx"":54,""pole_gain"":0.09461426491994171,""flag_bars"":5,""flag_low"":25.3,""flag_high"":26.01,""structural_low"":25.3,""current_price"":25.4,""neckline_distance_pct"":0.03622047244094495,""base_bars"":5},""pattern_geometry_features"":{""pole_gain"":0.09461426491994171,""pullback_pct"":0.03875379939209725,""flag_range_pct"":0.02697568389057754,""flag_drift_per_bar"":-0.003858267716535514,""atr_pct"":0.04990798935507615,""pole_atr_multiple"":1.8957739260301112},""_schema_version"":""1.0""}",,,,,,,,,,
20260429T042402Z-4f6251,2026-04-29T04:24:02.652419+00:00,AXON,vcp,absent,48.21,5.0,42.2,72.2,69.2,10.3,71.1,75.2,84.0,96.7,0.75,10.55,8.67,8.3,1.34,4.98,3.76,5.04,4.83,False,,406.31,414.0,370.6358,687.61,"{""trend"":{""T1_ema_stack"":{""value"":[false,false,false],""score"":0.0},""T2_ema50_slope"":{""value"":-0.8092671767588335,""score"":0},""T3_high_proximity"":{""value"":0.7016353243882643,""score"":0},""T4_rs_1m"":{""value"":-0.17734126114155402,""score"":0},""T5_rs_3m"":{""value"":-0.3574511026267352,""score"":0},""T6_adr_healthy"":{""value"":5.269102540615696,""score"":100.0},""_score"":5.0},""geometry"":{""sub_contraction_count"":100.0,""sub_reduction_rate"":0,""sub_pivot_tightness"":12.7,""sub_volume_dryup"":35.2,""sub_base_depth"":0.0,""sub_base_duration"":100.0,""_score"":42.19},""compression"":{""VC1_atr_ratio"":{""value"":0.20625471990767436,""score"":100},""VC2_range_contraction"":{""value"":0.7329045252110467,""score"":44.51591246482556},""VC3_range_pct_rank"":{""score"":66.66666666666667},""_score"":72.25},""sr_quality"":{""SR1_touches"":{""value"":4,""score"":75.0},""SR2_tightness"":{""value"":3.636100112758173,""score"":65.05191260155793},""SR3_recency"":{""value"":225,""score"":0.0},""SR4_price_location"":{""score"":87.70204321637951},""SR5_reaction"":{""value"":3.92539066133782,""score"":100},""_score"":69.18,""_levels_found"":4,""_target_level"":414.8401},""volume"":{""V1_rvol_day"":{""value"":0.6745061004296175,""score"":11.633740028641164},""V2_rvol_sameslot"":{""value"":0.5681262757492814,""score"":4.541751716618761,""status"":""ok""},""V3_breakout_bar"":{""value"":0.8304532003918694,""score"":22.03021335945796},""V4_base_dryup"":{""value"":1.4237771676703461,""score"":7.622283232965387},""V5_bo_expansion"":{""value"":0.6745061004296176,""score"":0},""_score"":10.27},""readiness"":{""_distance_atr"":0.37,""BR1_atr_distance"":{""score"":75.36272528626301},""BR2_compression"":{""score"":93.94295247535305},""BR3_retest"":{""score"":50.0},""BR4_bo_age"":{""score"":50.0},""_score"":71.13},""risk"":{""R1_stop_clarity"":{""score"":45.751220049697785},""R2_stop_distance_pct"":{""value"":8.780044793384372,""score"":80.4988801653907},""R3_stop_distance_atr"":{""value"":1.7143986975152097,""score"":100.0},""R4_rr_potential"":{""value"":7.885250405054625,""score"":100.0},""_score"":75.16},""market"":{""M1_spy_regime"":{""score"":100.0},""M3_earnings_risk"":{""value"":null,""score"":80.0},""M4_vix"":{""value"":null,""score"":60.0},""_score"":84.0},""liquidity"":{""L1_price"":{""value"":406.31,""score"":100.0},""L2_dollar_vol"":{""value"":313188041.403009,""score"":100.0},""L3_spread_proxy"":{""value"":0.033417833673795805,""score"":66.5821663262042},""L4_volume_zscore"":{""value"":-0.771067726978771,""score"":100.0},""_score"":96.66},""pattern_structure"":{""n_contractions"":5,""contractions_pct"":[8.36,8.19,17.67,34.36,9.11],""descending_strict"":false,""final_low"":376.28,""final_pivot"":414.0,""structural_low"":376.28,""dry_up_ratio"":0.8240585154200669,""current_price"":406.31,""neckline_distance_pct"":0.01892643548029829,""base_bars"":69},""pattern_geometry_features"":{""contraction_count"":5.0,""first_contraction_pct"":0.08362953730631341,""last_contraction_pct"":0.09111111111111117,""dry_up_ratio"":0.8240585154200669,""near_monotone"":0.0,""base_depth_pct"":0.42100970933542603},""_schema_version"":""1.0""}",,,,,,,,,,
20260429T042402Z-4f6251,2026-04-29T04:24:02.652419+00:00,CNR,double_bottom,absent,48.08,15.9,45.6,84.6,57.6,12.2,56.6,63.5,84.0,89.9,2.39,11.4,6.76,8.07,1.59,4.53,3.81,5.04,4.49,False,,89.37,91.82,83.7447,98.62,"{""trend"":{""T1_ema_stack"":{""value"":[false,false,true],""score"":33.33333333333333},""T2_ema50_slope"":{""value"":-0.22200443069613712,""score"":12.999261550643809},""T3_high_proximity"":{""value"":0.7892784597721452,""score"":0},""T4_rs_1m"":{""value"":-0.333101643998613,""score"":0},""T5_rs_3m"":{""value"":-0.10109707834306703,""score"":0},""T6_adr_healthy"":{""value"":4.490163147910939,""score"":100.0},""_score"":15.93},""geometry"":{""sub_low_similarity"":79.9,""sub_bounce_quality"":71.4,""sub_separation_fit"":0.0,""sub_right_bottom_reaction"":9.0,""sub_base_context"":30.0,""_score"":45.6},""compression"":{""VC1_atr_ratio"":{""value"":0.3707477656101803,""score"":100},""VC2_range_contraction"":{""value"":0.6574696579978457,""score"":57.08839033369239},""VC3_range_pct_rank"":{""score"":98.33333333333333},""_score"":84.56},""sr_quality"":{""SR1_touches"":{""value"":3,""score"":50.0},""SR2_tightness"":{""value"":0.2926379029145385,""score"":85.42536235929015},""SR3_recency"":{""value"":205,""score"":0.0},""SR4_price_location"":{""score"":59.36330227213269},""SR5_reaction"":{""value"":2.30509427250089,""score"":100},""_score"":57.65,""_levels_found"":6,""_target_level"":91.7511},""volume"":{""V1_rvol_day"":{""value"":0.48457640574031774,""score"":0},""V2_rvol_sameslot"":{""value"":0.4095452797522741,""score"":0,""status"":""ok""},""V3_breakout_bar"":{""value"":1.1312861972228934,""score"":42.08574648152623},""V4_base_dryup"":{""value"":1.4148821336486719,""score"":8.511786635132808},""V5_bo_expansion"":{""value"":0.48457640574031774,""score"":0},""_score"":12.22},""readiness"":{""_distance_atr"":0.61,""BR1_atr_distance"":{""score"":59.326455591130255},""BR2_compression"":{""score"":61.48652328738302},""BR3_retest"":{""score"":50.0},""BR4_bo_age"":{""score"":50.0},""_score"":56.6},""risk"":{""R1_stop_clarity"":{""score"":36.484525080042594},""R2_stop_distance_pct"":{""value"":6.294394091977185,""score"":100.0},""R3_stop_distance_atr"":{""value"":1.4008217716115292,""score"":95.04108858057646},""R4_rr_potential"":{""value"":1.6443567454180168,""score"":32.21783727090084},""_score"":63.47},""market"":{""M1_spy_regime"":{""score"":100.0},""M3_earnings_risk"":{""value"":null,""score"":80.0},""M4_vix"":{""value"":null,""score"":60.0},""_score"":84.0},""liquidity"":{""L1_price"":{""value"":89.37,""score"":100.0},""L2_dollar_vol"":{""value"":39040864.24159665,""score"":79.57597115055499},""L3_spread_proxy"":{""value"":0.019469620678079995,""score"":80.53037932192001},""L4_volume_zscore"":{""value"":-1.2995579056288902,""score"":100.0},""_score"":89.88},""pattern_structure"":{""left_low"":85.88,""left_idx"":18,""right_low"":85.02,""right_idx"":67,""separation_bars"":49,""structural_low"":85.02,""current_price"":89.71,""neckline_distance_pct"":0.023520231858209784,""base_bars"":49},""pattern_geometry_features"":{""low_similarity_pct"":0.010064365125804558,""bounce_pct"":0.07998118089861206,""right_bottom_reaction"":0.08989774131924771,""atr_pct"":0.044933582697933135},""_schema_version"":""1.0""}",,,,,,,,,,
20260429T042402Z-4f6251,2026-04-29T04:24:02.652419+00:00,MIR,double_bottom,absent,47.95,6.3,33.0,70.7,54.3,74.9,28.9,66.4,84.0,88.8,0.94,8.24,5.66,7.6,9.73,2.31,3.99,5.04,4.44,True,risk_unclear,18.68,20.22,18.1437,22.02,"{""trend"":{""T1_ema_stack"":{""value"":[false,false,false],""score"":0.0},""T2_ema50_slope"":{""value"":-0.26191167232501156,""score"":6.348054612498075},""T3_high_proximity"":{""value"":0.7345654738497838,""score"":0},""T4_rs_1m"":{""value"":-0.07822135586690138,""score"":0},""T5_rs_3m"":{""value"":-0.286990210416611,""score"":0},""T6_adr_healthy"":{""value"":3.63582632768944,""score"":100.0},""_score"":6.27},""geometry"":{""sub_low_similarity"":19.1,""sub_bounce_quality"":96.7,""sub_separation_fit"":6.7,""sub_right_bottom_reaction"":5.8,""sub_base_context"":30.0,""_score"":32.95},""compression"":{""VC1_atr_ratio"":{""value"":0.35135926701643827,""score"":100},""VC2_range_contraction"":{""value"":0.702227922524426,""score"":49.62867957926234},""VC3_range_pct_rank"":{""score"":53.333333333333336},""_score"":70.7},""sr_quality"":{""SR1_touches"":{""value"":4,""score"":75.0},""SR2_tightness"":{""value"":0.1742663191784341,""score"":49.24581140852143},""SR3_recency"":{""value"":228,""score"":0.0},""SR4_price_location"":{""score"":37.637171179230094},""SR5_reaction"":{""value"":2.8341775970209806,""score"":100},""_score"":54.3,""_levels_found"":6,""_target_level"":20.1075},""volume"":{""V1_rvol_day"":{""value"":1.7134068544685308,""score"":80.89379029790206},""V2_rvol_sameslot"":{""value"":3.081820782132129,""score"":100,""status"":""ok""},""V3_breakout_bar"":{""value"":2.215340125406384,""score"":100},""V4_base_dryup"":{""value"":1.1722000997783473,""score"":32.77999002216528},""V5_bo_expansion"":{""value"":1.7134068544685308,""score"":47.56045696456872},""_score"":74.87},""readiness"":{""_distance_atr"":2.243,""BR1_atr_distance"":{""score"":0},""BR2_compression"":{""score"":45.551368437279585},""BR3_retest"":{""score"":50.0},""BR4_bo_age"":{""score"":50.0},""_score"":28.89},""risk"":{""R1_stop_clarity"":{""score"":19.529015279959438},""R2_stop_distance_pct"":{""value"":2.8709850107066224,""score"":100.0},""R3_stop_distance_atr"":{""value"":0.780973382290222,""score"":64.0486691145111},""R4_rr_potential"":{""value"":6.227857542420314,""score"":100.0},""_score"":66.44},""market"":{""M1_spy_regime"":{""score"":100.0},""M3_earnings_risk"":{""value"":null,""score"":80.0},""M4_vix"":{""value"":null,""score"":60.0},""_score"":84.0},""liquidity"":{""L1_price"":{""value"":18.68,""score"":100.0},""L2_dollar_vol"":{""value"":105057850.71091251,""score"":100.0},""L3_spread_proxy"":{""value"":0.03693790149892921,""score"":63.062098501070786},""L4_volume_zscore"":{""value"":2.2171235087848786,""score"":70.0},""_score"":88.81},""pattern_structure"":{""left_low"":19.18,""left_idx"":30,""right_low"":18.42,""right_idx"":74,""separation_bars"":44,""structural_low"":18.42,""current_price"":18.75,""neckline_distance_pct"":0.07839999999999994,""base_bars"":44},""pattern_geometry_features"":{""low_similarity_pct"":0.04042553191489351,""bounce_pct"":0.09771986970684023,""right_bottom_reaction"":0.057971014492752576,""atr_pct"":0.03676162434995409},""_schema_version"":""1.0""}",,,,,,,,,,
20260429T042402Z-4f6251,2026-04-29T04:24:02.652419+00:00,QBTS,vcp,breakout_confirmed,47.94,30.7,38.5,64.0,55.2,22.7,50.4,62.0,84.0,95.6,4.6,9.63,7.68,6.63,2.95,3.53,3.1,5.04,4.78,False,,18.11,16.7274,12.5587,35.3374,"{""trend"":{""T1_ema_stack"":{""value"":[false,false,false],""score"":0.0},""T2_ema50_slope"":{""value"":-0.12974130379441123,""score"":28.376449367598127},""T3_high_proximity"":{""value"":0.7252703243892671,""score"":0},""T4_rs_1m"":{""value"":0.18049759407096833,""score"":100},""T5_rs_3m"":{""value"":-0.2897975879205211,""score"":0},""T6_adr_healthy"":{""value"":7.939837720385036,""score"":100.0},""_score"":30.68},""geometry"":{""sub_contraction_count"":100.0,""sub_reduction_rate"":14.1,""sub_pivot_tightness"":0,""sub_volume_dryup"":0,""sub_base_depth"":0.0,""sub_base_duration"":100.0,""_score"":38.52},""compression"":{""VC1_atr_ratio"":{""value"":0.553871268656717,""score"":100},""VC2_range_contraction"":{""value"":1.1875381362678412,""score"":0},""VC3_range_pct_rank"":{""score"":95.83333333333334},""_score"":63.96},""sr_quality"":{""SR1_touches"":{""value"":4,""score"":75.0},""SR2_tightness"":{""value"":0.13567191124178915,""score"":83.72053347002316},""SR3_recency"":{""value"":263,""score"":0.0},""SR4_price_location"":{""score"":20.682446857017226},""SR5_reaction"":{""value"":2.924506106706664,""score"":100},""_score"":55.23,""_levels_found"":5,""_target_level"":21.5022},""volume"":{""V1_rvol_day"":{""value"":0.4980783825748305,""score"":0},""V2_rvol_sameslot"":{""value"":0.62928111626418,""score"":8.61874108427867,""status"":""ok""},""V3_breakout_bar"":{""value"":0.863027732600043,""score"":24.201848840002864},""V4_base_dryup"":{""value"":0.7524779451207014,""score"":74.75220548792986},""V5_bo_expansion"":{""value"":0.49807838257483045,""score"":0},""_score"":22.72},""readiness"":{""_distance_atr"":-0.83,""BR1_atr_distance"":{""score"":43.40998500107135},""BR2_compression"":{""score"":62.241354949732475},""BR3_retest"":{""score"":50.0},""BR4_bo_age"":{""score"":50.0},""_score"":50.42},""risk"":{""R1_stop_clarity"":{""score"":77.0516391686308},""R2_stop_distance_pct"":{""value"":30.652954168967423,""score"":0.0},""R3_stop_distance_atr"":{""value"":3.3305121062781233,""score"":100.0},""R4_rr_potential"":{""value"":3.1033370862418383,""score"":100.0},""_score"":61.97},""market"":{""M1_spy_regime"":{""score"":100.0},""M3_earnings_risk"":{""value"":null,""score"":80.0},""M4_vix"":{""value"":null,""score"":60.0},""_score"":84.0},""liquidity"":{""L1_price"":{""value"":18.11,""score"":100.0},""L2_dollar_vol"":{""value"":289639781.90905493,""score"":100.0},""L3_spread_proxy"":{""value"":0.04362230811706235,""score"":56.37769188293765},""L4_volume_zscore"":{""value"":-0.6828763933926091,""score"":100.0},""_score"":95.64},""pattern_structure"":{""n_contractions"":5,""contractions_pct"":[46.05,17.23,20.46,22.39,23.78],""descending_strict"":false,""final_low"":12.75,""final_pivot"":16.7274,""structural_low"":12.75,""dry_up_ratio"":2.1140339903199235,""current_price"":18.11,""neckline_distance_pct"":-0.07634456101601325,""base_bars"":50},""pattern_geometry_features"":{""contraction_count"":5.0,""first_contraction_pct"":0.46045918367346933,""last_contraction_pct"":0.23777753864916243,""dry_up_ratio"":2.1140339903199235,""near_monotone"":0.0,""base_depth_pct"":0.5934311224489796},""_schema_version"":""1.0""}",,,,,,,,,,
20260429T042402Z-4f6251,2026-04-29T04:24:02.652419+00:00,BETA,vcp,absent,47.9,11.1,47.2,72.0,57.6,31.9,33.4,69.6,84.0,77.7,1.66,11.8,8.64,6.91,4.14,2.34,3.48,5.04,3.89,False,,15.55,22.4599,13.9673,40.3999,"{""trend"":{""T1_ema_stack"":{""value"":[false,false,false],""score"":0.0},""T2_ema50_slope"":{""value"":-0.4440033808193752,""score"":0},""T3_high_proximity"":{""value"":0.6705476498490729,""score"":0},""T4_rs_1m"":{""value"":-0.019543224338133935,""score"":30.456775661866065},""T5_rs_3m"":{""value"":-0.38179127999932794,""score"":0},""T6_adr_healthy"":{""value"":6.781752185990472,""score"":100.0},""_score"":11.09},""geometry"":{""sub_contraction_count"":100.0,""sub_reduction_rate"":0,""sub_pivot_tightness"":0,""sub_volume_dryup"":81.3,""sub_base_depth"":0.0,""sub_base_duration"":100.0,""_score"":47.2},""compression"":{""VC1_atr_ratio"":{""value"":0.4028594434959088,""score"":100},""VC2_range_contraction"":{""value"":0.8657424588065078,""score"":22.376256865582032},""VC3_range_pct_rank"":{""score"":96.66666666666667},""_score"":72.0},""sr_quality"":{""SR1_touches"":{""value"":2,""score"":25.0},""SR2_tightness"":{""value"":0.21000000000000085,""score"":61.34732192159014},""SR3_recency"":{""value"":14,""score"":100.0},""SR4_price_location"":{""score"":46.162341247929355},""SR5_reaction"":{""value"":1.9142278667402897,""score"":95.71139333701448},""_score"":57.6,""_levels_found"":5,""_target_level"":17.5},""volume"":{""V1_rvol_day"":{""value"":0.5573228772550828,""score"":3.8215251503388523},""V2_rvol_sameslot"":{""value"":0.9574369610866773,""score"":30.495797405778486,""status"":""ok""},""V3_breakout_bar"":{""value"":2.259889853578773,""score"":100},""V4_base_dryup"":{""value"":1.7255439060391746,""score"":0},""V5_bo_expansion"":{""value"":0.5573228772550828,""score"":0},""_score"":31.86},""readiness"":{""_distance_atr"":6.359,""BR1_atr_distance"":{""score"":0},""BR2_compression"":{""score"":63.54953054608359},""BR3_retest"":{""score"":50.0},""BR4_bo_age"":{""score"":50.0},""_score"":33.39},""risk"":{""R1_stop_clarity"":{""score"":60.850358917725046},""R2_stop_distance_pct"":{""value"":10.178135048231516,""score"":45.5466237942121},""R3_stop_distance_atr"":{""value"":1.45656175225474,""score"":97.82808761273701},""R4_rr_potential"":{""value"":15.700954065836854,""score"":100.0},""_score"":69.64},""market"":{""M1_spy_regime"":{""score"":100.0},""M3_earnings_risk"":{""value"":null,""score"":80.0},""M4_vix"":{""value"":null,""score"":60.0},""_score"":84.0},""liquidity"":{""L1_price"":{""value"":15.55,""score"":100.0},""L2_dollar_vol"":{""value"":11168303.290447101,""score"":52.39935996479193},""L3_spread_proxy"":{""value"":0.03215434083601286,""score"":67.84565916398714},""L4_volume_zscore"":{""value"":-1.160122063425848,""score"":100.0},""_score"":77.74},""pattern_structure"":{""n_contractions"":5,""contractions_pct"":[17.31,14.51,48.8,12.28,36.87],""descending_strict"":false,""final_low"":14.18,""final_pivot"":22.4599,""structural_low"":14.18,""dry_up_ratio"":0.5934161352002125,""current_price"":15.55,""neckline_distance_pct"":0.44436655948553055,""base_bars"":58},""pattern_geometry_features"":{""contraction_count"":5.0,""first_contraction_pct"":0.1731008717310087,""last_contraction_pct"":0.3686525763694407,""dry_up_ratio"":0.5934161352002125,""near_monotone"":0.0,""base_depth_pct"":0.5585305105853051},""_schema_version"":""1.0""}",,,,,,,,,,
20260429T042402Z-4f6251,2026-04-29T04:24:02.652419+00:00,EXPO,vcp,forming,47.88,14.8,54.2,56.6,60.7,19.2,39.1,67.8,84.0,87.1,2.22,13.55,6.8,7.29,2.5,2.73,3.39,5.04,4.36,True,risk_unclear,66.94,69.61,63.7935,81.775,"{""trend"":{""T1_ema_stack"":{""value"":[false,false,false],""score"":0.0},""T2_ema50_slope"":{""value"":-0.09310119929134764,""score"":34.48313345144206},""T3_high_proximity"":{""value"":0.8389522496553452,""score"":19.47612482767258},""T4_rs_1m"":{""value"":-0.08406771040950489,""score"":0},""T5_rs_3m"":{""value"":-0.1268150943534433,""score"":0},""T6_adr_healthy"":{""value"":2.884488129567601,""score"":100.0},""_score"":14.82},""geometry"":{""sub_contraction_count"":100.0,""sub_reduction_rate"":0,""sub_pivot_tightness"":43.4,""sub_volume_dryup"":17.9,""sub_base_depth"":100.0,""sub_base_duration"":100.0,""_score"":54.2},""compression"":{""VC1_atr_ratio"":{""value"":0.1944558850964502,""score"":100},""VC2_range_contraction"":{""value"":0.9504097687759585,""score"":8.26503853734025},""VC3_range_pct_rank"":{""score"":55.00000000000001},""_score"":56.64},""sr_quality"":{""SR1_touches"":{""value"":4,""score"":75.0},""SR2_tightness"":{""value"":0.4117417273000141,""score"":61.20245408275766},""SR3_recency"":{""value"":228,""score"":0.0},""SR4_price_location"":{""score"":56.21140022273969},""SR5_reaction"":{""value"":3.7520359950463056,""score"":100},""_score"":60.73,""_levels_found"":5,""_target_level"":69.1025},""volume"":{""V1_rvol_day"":{""value"":0.9897580295256292,""score"":32.65053530170861},""V2_rvol_sameslot"":{""value"":0.47555518919169687,""score"":0,""status"":""ok""},""V3_breakout_bar"":{""value"":0.45832245673742045,""score"":0},""V4_base_dryup"":{""value"":0.8651720285316904,""score"":63.48279714683096},""V5_bo_expansion"":{""value"":0.9897580295256292,""score"":0},""_score"":19.23},""readiness"":{""_distance_atr"":1.258,""BR1_atr_distance"":{""score"":16.13719577859139},""BR2_compression"":{""score"":60.4026525512517},""BR3_retest"":{""score"":50.0},""BR4_bo_age"":{""score"":50.0},""_score"":39.06},""risk"":{""R1_stop_clarity"":{""score"":8.459980077536272},""R2_stop_distance_pct"":{""value"":4.700440693158045,""score"":100.0},""R3_stop_distance_atr"":{""value"":1.4824281849020005,""score"":99.12140924510003},""R4_rr_potential"":{""value"":4.71479989512074,""score"":100.0},""_score"":67.83},""market"":{""M1_spy_regime"":{""score"":100.0},""M3_earnings_risk"":{""value"":null,""score"":80.0},""M4_vix"":{""value"":null,""score"":60.0},""_score"":84.0},""liquidity"":{""L1_price"":{""value"":66.94,""score"":100.0},""L2_dollar_vol"":{""value"":30319254.42095994,""score"":74.08592586903615},""L3_spread_proxy"":{""value"":0.025097101882282744,""score"":74.90289811771726},""L4_volume_zscore"":{""value"":-0.034170172462909966,""score"":100.0},""_score"":87.12},""pattern_structure"":{""n_contractions"":5,""contractions_pct"":[10.31,19.95,14.36,8.74,6.96],""descending_strict"":false,""final_low"":64.765,""final_pivot"":69.61,""structural_low"":64.765,""dry_up_ratio"":0.9106441460107155,""current_price"":66.94,""neckline_distance_pct"":0.03988646549148494,""base_bars"":61},""pattern_geometry_features"":{""contraction_count"":5.0,""first_contraction_pct"":0.10308072273495393,""last_contraction_pct"":0.06960206866829477,""dry_up_ratio"":0.9106441460107155,""near_monotone"":0.0,""base_depth_pct"":0.15813076823085928},""_schema_version"":""1.0""}",,,,,,,,,,
20260429T042402Z-4f6251,2026-04-29T04:24:02.652419+00:00,ZS,vcp,absent,47.8,5.0,48.9,65.6,51.0,28.6,47.5,78.1,84.0,97.2,0.75,12.21,7.87,6.12,3.72,3.33,3.9,5.04,4.86,False,,136.07,144.715,128.3849,181.965,"{""trend"":{""T1_ema_stack"":{""value"":[false,false,false],""score"":0.0},""T2_ema50_slope"":{""value"":-0.7765227546991562,""score"":0},""T3_high_proximity"":{""value"":0.6359897172236504,""score"":0},""T4_rs_1m"":{""value"":-0.10052669433849615,""score"":0},""T5_rs_3m"":{""value"":-0.4038637864487712,""score"":0},""T6_adr_healthy"":{""value"":5.020844825157119,""score"":100.0},""_score"":5.0},""geometry"":{""sub_contraction_count"":100.0,""sub_reduction_rate"":0,""sub_pivot_tightness"":1.0,""sub_volume_dryup"":24.7,""sub_base_depth"":100.0,""sub_base_duration"":100.0,""_score"":48.85},""compression"":{""VC1_atr_ratio"":{""value"":0.36428981746925415,""score"":100},""VC2_range_contraction"":{""value"":0.861464605739246,""score"":23.089232376792335},""VC3_range_pct_rank"":{""score"":70.0},""_score"":65.58},""sr_quality"":{""SR1_touches"":{""value"":3,""score"":50.0},""SR2_tightness"":{""value"":1.770672643846593,""score"":52.261439732064034},""SR3_recency"":{""value"":226,""score"":0.0},""SR4_price_location"":{""score"":52.63820389293829},""SR5_reaction"":{""value"":2.963202506574078,""score"":100},""_score"":51.0,""_levels_found"":7,""_target_level"":142.2784},""volume"":{""V1_rvol_day"":{""value"":0.7504122134453332,""score"":16.69414756302221},""V2_rvol_sameslot"":{""value"":0.8139274301415177,""score"":20.928495342767846,""status"":""ok""},""V3_breakout_bar"":{""value"":1.1366774384245313,""score"":42.44516256163542},""V4_base_dryup"":{""value"":0.9765775238989044,""score"":52.34224761010956},""V5_bo_expansion"":{""value"":0.7504122134453332,""score"":0},""_score"":28.6},""readiness"":{""_distance_atr"":1.165,""BR1_atr_distance"":{""score"":22.308271765061818},""BR2_compression"":{""score"":84.30913242238411},""BR3_retest"":{""score"":50.0},""BR4_bo_age"":{""score"":50.0},""_score"":47.5},""risk"":{""R1_stop_clarity"":{""score"":47.28915053598772},""R2_stop_distance_pct"":{""value"":5.647901815242159,""score"":100.0},""R3_stop_distance_atr"":{""value"":1.035978080957183,""score"":76.79890404785915},""R4_rr_potential"":{""value"":5.971945713133203,""score"":100.0},""_score"":78.07},""market"":{""M1_spy_regime"":{""score"":100.0},""M3_earnings_risk"":{""value"":null,""score"":80.0},""M4_vix"":{""value"":null,""score"":60.0},""_score"":84.0},""liquidity"":{""L1_price"":{""value"":136.07,""score"":100.0},""L2_dollar_vol"":{""value"":295102703.27327436,""score"":100.0},""L3_spread_proxy"":{""value"":0.0283310060998015,""score"":71.6689939001985},""L4_volume_zscore"":{""value"":-0.5164080353620502,""score"":100.0},""_score"":97.17},""pattern_structure"":{""n_contractions"":5,""contractions_pct"":[16.13,9.6,20.94,23.84,9.93],""descending_strict"":false,""final_low"":130.34,""final_pivot"":144.715,""structural_low"":130.34,""dry_up_ratio"":0.8766503775086129,""current_price"":136.07,""neckline_distance_pct"":0.06353347541706482,""base_bars"":39},""pattern_geometry_features"":{""contraction_count"":5.0,""first_contraction_pct"":0.1612861745927562,""last_contraction_pct"":0.09933317209688007,""dry_up_ratio"":0.8766503775086129,""near_monotone"":0.0,""base_depth_pct"":0.22226863177993914},""_schema_version"":""1.0""}",,,,,,,,,,
20260429T042402Z-4f6251,2026-04-29T04:24:02.652419+00:00,BTU,ascending_triangle,absent,47.8,13.3,48.8,82.5,51.6,15.3,52.0,70.1,84.0,89.4,2.0,13.68,6.6,7.22,1.83,4.16,2.8,5.04,4.47,False,,26.9,28.01,25.8267,29.8,"{""trend"":{""T1_ema_stack"":{""value"":[false,false,true],""score"":33.33333333333333},""T2_ema50_slope"":{""value"":-0.7224493265689637,""score"":0},""T3_high_proximity"":{""value"":0.6810126582278481,""score"":0},""T4_rs_1m"":{""value"":-0.4413674455429101,""score"":0},""T5_rs_3m"":{""value"":-0.2779341050050207,""score"":0},""T6_adr_healthy"":{""value"":4.707876403503302,""score"":100.0},""_score"":13.33},""geometry"":{""sub_flat_top_quality"":33.3,""sub_hl_slope"":36.5,""sub_compression"":51.6,""sub_duration"":100.0,""_score"":48.84},""compression"":{""VC1_atr_ratio"":{""value"":0.3611163032518204,""score"":100},""VC2_range_contraction"":{""value"":0.6218766410411789,""score"":63.02055982647019},""VC3_range_pct_rank"":{""score"":81.66666666666667},""_score"":82.47},""sr_quality"":{""SR1_touches"":{""value"":2,""score"":25.0},""SR2_tightness"":{""value"":0.2599999999999998,""score"":58.150818013543535},""SR3_recency"":{""value"":310,""score"":0.0},""SR4_price_location"":{""score"":81.34715025906738},""SR5_reaction"":{""value"":3.045533979466308,""score"":100},""_score"":51.56,""_levels_found"":6,""_target_level"":27.26},""volume"":{""V1_rvol_day"":{""value"":0.5221329423825813,""score"":1.4755294921720896},""V2_rvol_sameslot"":{""value"":0.47498681432692713,""score"":0,""status"":""ok""},""V3_breakout_bar"":{""value"":1.0840461482079118,""score"":38.93640988052745},""V4_base_dryup"":{""value"":1.2369316833576836,""score"":26.30683166423165},""V5_bo_expansion"":{""value"":0.5221329423825812,""score"":0},""_score"":15.29},""readiness"":{""_distance_atr"":0.893,""BR1_atr_distance"":{""score"":40.44539486542713},""BR2_compression"":{""score"":73.26888592279911},""BR3_retest"":{""score"":50.0},""BR4_bo_age"":{""score"":50.0},""_score"":52.0},""risk"":{""R1_stop_clarity"":{""score"":36.69506432587176},""R2_stop_distance_pct"":{""value"":3.9899628252788095,""score"":100.0},""R3_stop_distance_atr"":{""value"":0.8637832120396874,""score"":68.18916060198437},""R4_rr_potential"":{""value"":2.701947265443032,""score"":85.09736327215161},""_score"":70.09},""market"":{""M1_spy_regime"":{""score"":100.0},""M3_earnings_risk"":{""value"":null,""score"":80.0},""M4_vix"":{""value"":null,""score"":60.0},""_score"":84.0},""liquidity"":{""L1_price"":{""value"":26.9,""score"":100.0},""L2_dollar_vol"":{""value"":44236967.234375894,""score"":82.2892672636982},""L3_spread_proxy"":{""value"":0.034758364312267614,""score"":65.24163568773238},""L4_volume_zscore"":{""value"":-1.181199509164961,""score"":100.0},""_score"":89.44},""pattern_structure"":{""top"":28.01,""top_touches"":2,""low_slope_per_bar"":0.02874847188264054,""lowest_low"":26.22,""structural_low"":26.22,""current_price"":26.77,""neckline_distance_pct"":0.046320508031378486,""base_bars"":44},""pattern_geometry_features"":{""top_touches"":2.0,""low_slope"":0.02874847188264054,""compression"":0.2579264079487108,""atr_pct"":0.04619171534784918},""_schema_version"":""1.0""}",,,,,,,,,,
20260429T042402Z-4f6251,2026-04-29T04:24:02.652419+00:00,STEP,double_bottom,absent,47.71,35.8,44.8,48.1,45.9,23.9,54.4,64.5,84.0,89.8,5.37,11.21,3.85,6.43,3.1,4.35,3.87,5.04,4.49,False,,51.73,53.055,48.7329,56.635,"{""trend"":{""T1_ema_stack"":{""value"":[true,false,false],""score"":33.33333333333333},""T2_ema50_slope"":{""value"":-0.01576600547165005,""score"":47.37233242139166},""T3_high_proximity"":{""value"":0.7067905451564421,""score"":0},""T4_rs_1m"":{""value"":0.014792901285298088,""score"":64.79290128529809},""T5_rs_3m"":{""value"":-0.31717772404913847,""score"":0},""T6_adr_healthy"":{""value"":4.96358484286412,""score"":100.0},""_score"":35.77},""geometry"":{""sub_low_similarity"":7.8,""sub_bounce_quality"":60.5,""sub_separation_fit"":80.0,""sub_right_bottom_reaction"":82.6,""sub_base_context"":30.0,""_score"":44.83},""compression"":{""VC1_atr_ratio"":{""value"":0.4266561279728566,""score"":100},""VC2_range_contraction"":{""value"":1.0597177333153491,""score"":0},""VC3_range_pct_rank"":{""score"":32.49999999999999},""_score"":48.12},""sr_quality"":{""SR1_touches"":{""value"":3,""score"":50.0},""SR2_tightness"":{""value"":0.8365404951345744,""score"":39.95592435825753},""SR3_recency"":{""value"":226,""score"":0.0},""SR4_price_location"":{""score"":39.64686998394859},""SR5_reaction"":{""value"":3.1922665784839226,""score"":100},""_score"":45.91,""_levels_found"":6,""_target_level"":56.9},""volume"":{""V1_rvol_day"":{""value"":1.0187653385241695,""score"":34.5843559016113},""V2_rvol_sameslot"":{""value"":0.7825223391223869,""score"":18.834822608159126,""status"":""ok""},""V3_breakout_bar"":{""value"":0.5806076536297256,""score"":5.373843575315037},""V4_base_dryup"":{""value"":0.9182171929064462,""score"":58.17828070935538},""V5_bo_expansion"":{""value"":1.0187653385241695,""score"":1.2510225682779672},""_score"":23.85},""readiness"":{""_distance_atr"":0.476,""BR1_atr_distance"":{""score"":68.29864555749515},""BR2_compression"":{""score"":38.23399017691846},""BR3_retest"":{""score"":50.0},""BR4_bo_age"":{""score"":50.0},""_score"":54.38},""risk"":{""R1_stop_clarity"":{""score"":46.732752455145864},""R2_stop_distance_pct"":{""value"":5.793785037695722,""score"":100.0},""R3_stop_distance_atr"":{""value"":1.0756179841527402,""score"":78.780899207637},""R4_rr_potential"":{""value"":1.6365683780289464,""score"":31.82841890144732},""_score"":64.54},""market"":{""M1_spy_regime"":{""score"":100.0},""M3_earnings_risk"":{""value"":null,""score"":80.0},""M4_vix"":{""value"":null,""score"":60.0},""_score"":84.0},""liquidity"":{""L1_price"":{""value"":51.73,""score"":100.0},""L2_dollar_vol"":{""value"":52854167.189659916,""score"":86.15396170717489},""L3_spread_proxy"":{""value"":0.04620143050454283,""score"":53.798569495457166},""L4_volume_zscore"":{""value"":0.05481363805155067,""score"":100.0},""_score"":89.84},""pattern_structure"":{""left_low"":51.81,""left_idx"":68,""right_low"":49.475,""right_idx"":75,""separation_bars"":7,""structural_low"":49.475,""current_price"":51.31,""neckline_distance_pct"":0.03400896511401281,""base_bars"":7},""pattern_geometry_features"":{""low_similarity_pct"":0.04610751838870516,""bounce_pct"":0.07235977766548758,""right_bottom_reaction"":0.8259259259259256,""atr_pct"":0.05386470961862415},""_schema_version"":""1.0""}",,,,,,,,,,
20260429T042402Z-4f6251,2026-04-29T04:24:02.652419+00:00,EXE,ascending_triangle,absent,47.53,8.8,46.6,82.9,56.0,20.6,53.4,49.8,84.0,98.2,1.32,13.05,6.63,7.83,2.48,4.27,1.99,5.04,4.91,True,risk_unclear,96.96,98.77,92.3438,103.79,"{""trend"":{""T1_ema_stack"":{""value"":[false,false,false],""score"":0.0},""T2_ema50_slope"":{""value"":-0.31109360930142677,""score"":0},""T3_high_proximity"":{""value"":0.8511235955056179,""score"":25.561797752808925},""T4_rs_1m"":{""value"":-0.26810697601745426,""score"":0},""T5_rs_3m"":{""value"":-0.13228024867197186,""score"":0},""T6_adr_healthy"":{""value"":2.551121461602475,""score"":100.0},""_score"":8.83},""geometry"":{""sub_flat_top_quality"":66.7,""sub_hl_slope"":7.9,""sub_compression"":36.9,""sub_duration"":100.0,""_score"":46.61},""compression"":{""VC1_atr_ratio"":{""value"":0.24316071993619418,""score"":100},""VC2_range_contraction"":{""value"":0.6648213901419,""score"":55.86310164301666},""VC3_range_pct_rank"":{""score"":93.33333333333333},""_score"":82.89},""sr_quality"":{""SR1_touches"":{""value"":2,""score"":25.0},""SR2_tightness"":{""value"":0.125,""score"":89.18688562008097},""SR3_recency"":{""value"":269,""score"":0.0},""SR4_price_location"":{""score"":80.34175805730719},""SR5_reaction"":{""value"":5.834756519404315,""score"":100},""_score"":55.96,""_levels_found"":6,""_target_level"":98.475},""volume"":{""V1_rvol_day"":{""value"":0.8047346714535224,""score"":20.315644763568162},""V2_rvol_sameslot"":{""value"":0.6229446870382895,""score"":8.196312469219302,""status"":""ok""},""V3_breakout_bar"":{""value"":0.7907260437291054,""score"":19.381736248607027},""V4_base_dryup"":{""value"":0.9956330496374622,""score"":50.436695036253774},""V5_bo_expansion"":{""value"":0.8047346714535224,""score"":0},""_score"":20.64},""readiness"":{""_distance_atr"":0.783,""BR1_atr_distance"":{""score"":47.80870125959073},""BR2_compression"":{""score"":66.99202751491501},""BR3_retest"":{""score"":50.0},""BR4_bo_age"":{""score"":50.0},""_score"":53.37},""risk"":{""R1_stop_clarity"":{""score"":0},""R2_stop_distance_pct"":{""value"":4.760983910891083,""score"":100.0},""R3_stop_distance_atr"":{""value"":1.996641570252047,""score"":100.0},""R4_rr_potential"":{""value"":1.4795559165989727,""score"":23.977795829948633},""_score"":49.8},""market"":{""M1_spy_regime"":{""score"":100.0},""M3_earnings_risk"":{""value"":null,""score"":80.0},""M4_vix"":{""value"":null,""score"":60.0},""_score"":84.0},""liquidity"":{""L1_price"":{""value"":96.96,""score"":100.0},""L2_dollar_vol"":{""value"":260132148.29209822,""score"":100.0},""L3_spread_proxy"":{""value"":0.018151815181518205,""score"":81.8481848184818},""L4_volume_zscore"":{""value"":-0.8970949170722291,""score"":100.0},""_score"":98.18},""pattern_structure"":{""top"":98.77,""top_touches"":3,""low_slope_per_bar"":0.022144535840188124,""lowest_low"":93.75,""structural_low"":93.75,""current_price"":97.465,""neckline_distance_pct"":0.013389421843738702,""base_bars"":38},""pattern_geometry_features"":{""top_touches"":3.0,""low_slope"":0.022144535840188124,""compression"":0.18446074018216063,""atr_pct"":0.023844960366572344},""_schema_version"":""1.0""}",,,,,,,,,,
20260429T042402Z-4f6251,2026-04-29T04:24:02.652419+00:00,FROG,double_bottom,absent,47.5,19.7,47.8,64.7,43.9,26.7,47.4,71.4,84.0,94.0,2.96,11.95,5.17,6.14,3.47,3.79,4.28,5.04,4.7,False,,45.5,47.55,42.4633,51.99,"{""trend"":{""T1_ema_stack"":{""value"":[true,false,false],""score"":33.33333333333333},""T2_ema50_slope"":{""value"":-0.10775233330457387,""score"":32.04127778257102},""T3_high_proximity"":{""value"":0.7573866000832292,""score"":0},""T4_rs_1m"":{""value"":-0.0724204868329481,""score"":0},""T5_rs_3m"":{""value"":-0.25432216795376483,""score"":0},""T6_adr_healthy"":{""value"":5.997717671148668,""score"":100.0},""_score"":19.74},""geometry"":{""sub_low_similarity"":24.4,""sub_bounce_quality"":100,""sub_separation_fit"":0.0,""sub_right_bottom_reaction"":96.4,""sub_base_context"":30.0,""_score"":47.78},""compression"":{""VC1_atr_ratio"":{""value"":0.3388719803335107,""score"":100},""VC2_range_contraction"":{""value"":0.7379994749094925,""score"":43.66675418175126},""VC3_range_pct_rank"":{""score"":37.5},""_score"":64.66},""sr_quality"":{""SR1_touches"":{""value"":2,""score"":25.0},""SR2_tightness"":{""value"":0.07750000000000057,""score"":93.96047870860002},""SR3_recency"":{""value"":235,""score"":0.0},""SR4_price_location"":{""score"":29.0331491712707},""SR5_reaction"":{""value"":5.590453659894241,""score"":100},""_score"":43.85,""_levels_found"":6,""_target_level"":51.9225},""volume"":{""V1_rvol_day"":{""value"":1.1216077864895468,""score"":41.440519099303124},""V2_rvol_sameslot"":{""value"":0.8567166498309202,""score"":23.781109988728012,""status"":""ok""},""V3_breakout_bar"":{""value"":0.8605569033476844,""score"":24.037126889845627},""V4_base_dryup"":{""value"":1.177226835082059,""score"":32.27731649179411},""V5_bo_expansion"":{""value"":1.121607786489547,""score"":8.107185765969804},""_score"":26.73},""readiness"":{""_distance_atr"":0.799,""BR1_atr_distance"":{""score"":46.74830689303281},""BR2_compression"":{""score"":44.71921872500986},""BR3_retest"":{""score"":50.0},""BR4_bo_age"":{""score"":50.0},""_score"":47.38},""risk"":{""R1_stop_clarity"":{""score"":49.607013637628626},""R2_stop_distance_pct"":{""value"":6.673956043956047,""score"":100.0},""R3_stop_distance_atr"":{""value"":1.1832201502922357,""score"":84.16100751461178},""R4_rr_potential"":{""value"":2.137223585200794,""score"":56.861179260039705},""_score"":71.36},""market"":{""M1_spy_regime"":{""score"":100.0},""M3_earnings_risk"":{""value"":null,""score"":80.0},""M4_vix"":{""value"":null,""score"":60.0},""_score"":84.0},""liquidity"":{""L1_price"":{""value"":45.5,""score"":100.0},""L2_dollar_vol"":{""value"":127136492.06949599,""score"":100.0},""L3_spread_proxy"":{""value"":0.05999999999999993,""score"":40.00000000000007},""L4_volume_zscore"":{""value"":0.26196470575338004,""score"":100.0},""_score"":94.0},""pattern_structure"":{""left_low"":43.11,""left_idx"":30,""right_low"":44.77,""right_idx"":76,""separation_bars"":46,""structural_low"":43.11,""current_price"":45.47,""neckline_distance_pct"":0.045744446888058024,""base_bars"":46},""pattern_geometry_features"":{""low_similarity_pct"":0.03777878925807929,""bounce_pct"":0.10299234516353509,""right_bottom_reaction"":0.9642857142857127,""atr_pct"":0.05640502354788068},""_schema_version"":""1.0""}",,,,,,,,,,
20260429T042402Z-4f6251,2026-04-29T04:24:02.652419+00:00,KVYO,vcp,forming,47.43,13.8,50.2,66.2,39.0,28.6,41.2,78.8,84.0,92.0,2.07,12.56,7.95,4.68,3.71,2.88,3.94,5.04,4.6,False,,19.94,21.5609,18.2226,25.1558,"{""trend"":{""T1_ema_stack"":{""value"":[true,false,false],""score"":33.33333333333333},""T2_ema50_slope"":{""value"":-0.2854694856544557,""score"":2.4217523909240555},""T3_high_proximity"":{""value"":0.7749708511465216,""score"":0},""T4_rs_1m"":{""value"":-0.054356536550618895,""score"":0},""T5_rs_3m"":{""value"":-0.23887121497945074,""score"":0},""T6_adr_healthy"":{""value"":5.853983809257085,""score"":100.0},""_score"":13.82},""geometry"":{""sub_contraction_count"":100.0,""sub_reduction_rate"":20.9,""sub_pivot_tightness"":0,""sub_volume_dryup"":0,""sub_base_depth"":100.0,""sub_base_duration"":100.0,""_score"":50.23},""compression"":{""VC1_atr_ratio"":{""value"":0.4664661329695828,""score"":100},""VC2_range_contraction"":{""value"":0.8573402369095784,""score"":23.776627181736938},""VC3_range_pct_rank"":{""score"":71.66666666666667},""_score"":66.24},""sr_quality"":{""SR1_touches"":{""value"":3,""score"":50.0},""SR2_tightness"":{""value"":0.25317925577652545,""score"":58.3386078718443},""SR3_recency"":{""value"":226,""score"":0.0},""SR4_price_location"":{""score"":0.8278297981937188},""SR5_reaction"":{""value"":3.0458201593029237,""score"":100},""_score"":38.96,""_levels_found"":8,""_target_level"":21.737},""volume"":{""V1_rvol_day"":{""value"":0.7699076524481404,""score"":17.993843496542695},""V2_rvol_sameslot"":{""value"":0.8144303712815594,""score"":20.962024752103957,""status"":""ok""},""V3_breakout_bar"":{""value"":1.2365623144326272,""score"":49.10415429550848},""V4_base_dryup"":{""value"":1.076003585904308,""score"":42.3996414095692},""V5_bo_expansion"":{""value"":0.7699076524481404,""score"":0},""_score"":28.55},""readiness"":{""_distance_atr"":1.334,""BR1_atr_distance"":{""score"":11.092043865113595},""BR2_compression"":{""score"":76.99606393342472},""BR3_retest"":{""score"":50.0},""BR4_bo_age"":{""score"":50.0},""_score"":41.19},""risk"":{""R1_stop_clarity"":{""score"":54.33631095805078},""R2_stop_distance_pct"":{""value"":8.612846038114348,""score"":84.67884904714128},""R3_stop_distance_atr"":{""value"":1.4130173720894716,""score"":95.65086860447359},""R4_rr_potential"":{""value"":3.037030071302485,""score"":100.0},""_score"":78.77},""market"":{""M1_spy_regime"":{""score"":100.0},""M3_earnings_risk"":{""value"":null,""score"":80.0},""M4_vix"":{""value"":null,""score"":60.0},""_score"":84.0},""liquidity"":{""L1_price"":{""value"":19.94,""score"":100.0},""L2_dollar_vol"":{""value"":62258681.557530865,""score"":89.7099959728405},""L3_spread_proxy"":{""value"":0.03911735205616856,""score"":60.882647943831444},""L4_volume_zscore"":{""value"":-0.7704351973559257,""score"":100.0},""_score"":91.97},""pattern_structure"":{""n_contractions"":5,""contractions_pct"":[23.38,16.88,18.91,17.92,14.2],""descending_strict"":false,""final_low"":18.5001,""final_pivot"":21.5609,""structural_low"":18.5001,""dry_up_ratio"":1.2101457696272215,""current_price"":19.94,""neckline_distance_pct"":0.08128886659979934,""base_bars"":49},""pattern_geometry_features"":{""contraction_count"":5.0,""first_contraction_pct"":0.23376329486309116,""last_contraction_pct"":0.14196067882138502,""dry_up_ratio"":1.2101457696272215,""near_monotone"":0.0,""base_depth_pct"":0.16270196877121518},""_schema_version"":""1.0""}",,,,,,,,,,
20260429T042402Z-4f6251,2026-04-29T04:24:02.652419+00:00,ADSK,inverse_head_shoulders,forming,47.32,15.0,50.3,48.7,50.2,32.9,31.2,73.3,84.0,95.8,1.8,14.09,3.9,7.03,4.61,2.49,4.4,4.2,4.79,False,,234.85,250.0,223.595,273.0,"{""trend"":{""T1_ema_stack"":{""value"":[false,false,false],""score"":0.0},""T2_ema50_slope"":{""value"":-0.16957808439195626,""score"":21.736985934673953},""T3_high_proximity"":{""value"":0.8752282637051392,""score"":37.614131852569564},""T4_rs_1m"":{""value"":-0.10058233140737505,""score"":0},""T5_rs_3m"":{""value"":-0.1472811430779183,""score"":0},""T6_adr_healthy"":{""value"":3.4586872955520223,""score"":100.0},""_score"":14.99},""geometry"":{""sub_head_depth"":68.7,""sub_shoulder_price_sym"":32.8,""sub_shoulder_time_sym"":60.0,""sub_right_shoulder_reaction"":66.2,""sub_base_context"":30.0,""_score"":50.32},""compression"":{""VC1_atr_ratio"":{""value"":0.44622118043876025,""score"":100},""VC2_range_contraction"":{""value"":0.9149478269307151,""score"":14.175362178214154},""VC3_range_pct_rank"":{""score"":15.000000000000002},""_score"":48.71},""sr_quality"":{""SR1_touches"":{""value"":4,""score"":75.0},""SR2_tightness"":{""value"":3.0548690642971903,""score"":38.74922928396305},""SR3_recency"":{""value"":226,""score"":0.0},""SR4_price_location"":{""score"":27.717999483515417},""SR5_reaction"":{""value"":2.6922396372630324,""score"":100},""_score"":50.24,""_levels_found"":6,""_target_level"":248.845},""volume"":{""V1_rvol_day"":{""value"":0.8918331283707376,""score"":26.12220855804917},""V2_rvol_sameslot"":{""value"":0.9453125830971332,""score"":29.68750553980888,""status"":""ok""},""V3_breakout_bar"":{""value"":1.033838103304268,""score"":35.5892068869512},""V4_base_dryup"":{""value"":0.8561175136690066,""score"":64.38824863309935},""V5_bo_expansion"":{""value"":0.8918331283707378,""score"":0},""_score"":32.94},""readiness"":{""_distance_atr"":1.519,""BR1_atr_distance"":{""score"":0},""BR2_compression"":{""score"":54.67215296079853},""BR3_retest"":{""score"":50.0},""BR4_bo_age"":{""score"":50.0},""_score"":31.17},""risk"":{""R1_stop_clarity"":{""score"":31.72902998509123},""R2_stop_distance_pct"":{""value"":4.792420694060037,""score"":100.0},""R3_stop_distance_atr"":{""value"":1.1283256498058702,""score"":81.41628249029351},""R4_rr_potential"":{""value"":3.3896046201688157,""score"":100.0},""_score"":73.32},""market"":{""M1_spy_regime"":{""score"":100.0},""M3_earnings_risk"":{""value"":null,""score"":80.0},""M4_vix"":{""value"":null,""score"":60.0},""_score"":84.0},""liquidity"":{""L1_price"":{""value"":234.85,""score"":100.0},""L2_dollar_vol"":{""value"":400613644.7206817,""score"":100.0},""L3_spread_proxy"":{""value"":0.04159889291036842,""score"":58.40110708963158},""L4_volume_zscore"":{""value"":-0.34077142924714254,""score"":100.0},""_score"":95.84},""pattern_structure"":{""left_shoulder"":245.04,""left_shoulder_idx"":68,""head"":227.0,""head_idx"":80,""right_shoulder"":232.2205,""right_shoulder_idx"":95,""left_to_head_bars"":12,""head_to_right_bars"":15,""structural_low"":227.0,""current_price"":234.26,""neckline_distance_pct"":0.06719030137454116,""base_bars"":27},""pattern_geometry_features"":{""head_depth_pct"":0.04873753432349834,""shoulder_price_asymmetry"":0.053721185809426954,""shoulder_time_asymmetry"":0.2,""right_shoulder_reaction"":0.6615647875273315,""atr_pct"":0.04247373703579793},""_schema_version"":""1.0""}",,,,,,,,,,
20260429T042402Z-4f6251,2026-04-29T04:24:02.652419+00:00,FTAI,bull_flag,absent,47.31,22.8,26.2,45.2,66.5,77.7,35.0,73.4,84.0,85.8,3.19,7.85,4.07,6.65,10.87,3.15,2.2,5.04,4.29,False,,216.0,243.91,212.2773,269.66,"{""trend"":{""T1_ema_stack"":{""value"":[false,false,true],""score"":33.33333333333333},""T2_ema50_slope"":{""value"":-0.01607392329262016,""score"":47.32101278456331},""T3_high_proximity"":{""value"":0.6966842988001548,""score"":0},""T4_rs_1m"":{""value"":-0.2188412432336545,""score"":0},""T5_rs_3m"":{""value"":-0.2573354833558339,""score"":0},""T6_adr_healthy"":{""value"":5.520498794507113,""score"":100.0},""_score"":22.8},""geometry"":{""sub_pole_impulse"":17.7,""sub_flag_tightness"":0,""sub_flag_shallowness"":0,""sub_flag_drift"":80.8,""sub_flag_duration"":87.5,""_score"":26.18},""compression"":{""VC1_atr_ratio"":{""value"":0.5538700348696209,""score"":100},""VC2_range_contraction"":{""value"":1.2924836067339895,""score"":0},""VC3_range_pct_rank"":{""score"":20.833333333333336},""_score"":45.21},""sr_quality"":{""SR1_touches"":{""value"":4,""score"":75.0},""SR2_tightness"":{""value"":3.550615709986085,""score"":52.415208276781364},""SR3_recency"":{""value"":225,""score"":0.0},""SR4_price_location"":{""score"":87.10432850815752},""SR5_reaction"":{""value"":1.910023860065621,""score"":95.50119300328105},""_score"":66.46,""_levels_found"":4,""_target_level"":223.2908},""volume"":{""V1_rvol_day"":{""value"":1.8625358807832393,""score"":90.83572538554928},""V2_rvol_sameslot"":{""value"":2.4214444211267083,""score"":100,""status"":""ok""},""V3_breakout_bar"":{""value"":1.3151912400640804,""score"":54.34608267093869},""V4_base_dryup"":{""value"":0.6355896338755477,""score"":86.44103661244523},""V5_bo_expansion"":{""value"":1.8625358807832388,""score"":57.502392052215924},""_score"":77.67},""readiness"":{""_distance_atr"":1.87,""BR1_atr_distance"":{""score"":0},""BR2_compression"":{""score"":69.81480240863152},""BR3_retest"":{""score"":50.0},""BR4_bo_age"":{""score"":50.0},""_score"":34.95},""risk"":{""R1_stop_clarity"":{""score"":56.67653457077002},""R2_stop_distance_pct"":{""value"":1.7234490740740813,""score"":93.08622685185203},""R3_stop_distance_atr"":{""value"":0.2494518407191056,""score"":37.47259203595527},""R4_rr_potential"":{""value"":14.414462815467406,""score"":100.0},""_score"":73.38},""market"":{""M1_spy_regime"":{""score"":100.0},""M3_earnings_risk"":{""value"":null,""score"":80.0},""M4_vix"":{""value"":null,""score"":60.0},""_score"":84.0},""liquidity"":{""L1_price"":{""value"":216.0,""score"":100.0},""L2_dollar_vol"":{""value"":501992530.278048,""score"":100.0},""L3_spread_proxy"":{""value"":0.06743055555555555,""score"":32.56944444444446},""L4_volume_zscore"":{""value"":2.4919855788139174,""score"":70.0},""_score"":85.76},""pattern_structure"":{""pole_low"":218.16,""pole_low_idx"":30,""peak_price"":243.91,""peak_idx"":38,""pole_gain"":0.11803263659699303,""flag_bars"":21,""flag_low"":215.51,""flag_high"":240.87,""structural_low"":215.51,""current_price"":216.28,""neckline_distance_pct"":0.12775106343628628,""base_bars"":21},""pattern_geometry_features"":{""pole_gain"":0.11803263659699303,""pullback_pct"":0.1164363904718954,""flag_range_pct"":0.1039727768439179,""flag_drift_per_bar"":-0.003838254403262735,""atr_pct"":0.06908945105820107,""pole_atr_multiple"":1.7084031612519566},""_schema_version"":""1.0""}",,,,,,,,,,
20260429T042402Z-4f6251,2026-04-29T04:24:02.652419+00:00,NTSK,double_bottom,absent,47.15,33.3,40.6,77.4,40.3,23.6,40.7,75.8,84.0,85.2,5.0,10.14,6.19,5.64,3.06,3.26,4.55,5.04,4.26,False,,9.98,10.595,9.19,11.86,"{""trend"":{""T1_ema_stack"":{""value"":[true,false,false],""score"":33.33333333333333},""T2_ema50_slope"":{""value"":-0.5794782263078493,""score"":0},""T3_high_proximity"":{""value"":0.6198757763975155,""score"":0},""T4_rs_1m"":{""value"":0.16869363490970746,""score"":100},""T5_rs_3m"":{""value"":-0.39004419919987754,""score"":0},""T6_adr_healthy"":{""value"":6.25787848454416,""score"":100.0},""_score"":33.33},""geometry"":{""sub_low_similarity"":32.6,""sub_bounce_quality"":100,""sub_separation_fit"":13.3,""sub_right_bottom_reaction"":18.6,""sub_base_context"":30.0,""_score"":40.57},""compression"":{""VC1_atr_ratio"":{""value"":0.323214744438317,""score"":100},""VC2_range_contraction"":{""value"":0.6988067443514882,""score"":50.19887594141864},""VC3_range_pct_rank"":{""score"":79.16666666666666},""_score"":77.36},""sr_quality"":{""SR1_touches"":{""value"":2,""score"":25.0},""SR2_tightness"":{""value"":0.03500000000000014,""score"":87.89076980106259},""SR3_recency"":{""value"":75,""score"":25.0},""SR4_price_location"":{""score"":3.5627530364372024},""SR5_reaction"":{""value"":4.329049796120103,""score"":100},""_score"":40.32,""_levels_found"":4,""_target_level"":11.965},""volume"":{""V1_rvol_day"":{""value"":0.6761462934790687,""score"":11.743086231937916},""V2_rvol_sameslot"":{""value"":0.8408485969782832,""score"":22.72323979855221,""status"":""ok""},""V3_breakout_bar"":{""value"":1.5001732281817817,""score"":66.67821521211877},""V4_base_dryup"":{""value"":1.9446848176626983,""score"":0},""V5_bo_expansion"":{""value"":0.6761462934790687,""score"":0},""_score"":23.56},""readiness"":{""_distance_atr"":1.064,""BR1_atr_distance"":{""score"":29.074508834795495},""BR2_compression"":{""score"":46.41273556480528},""BR3_retest"":{""score"":50.0},""BR4_bo_age"":{""score"":50.0},""_score"":40.73},""risk"":{""R1_stop_clarity"":{""score"":51.58037810453456},""R2_stop_distance_pct"":{""value"":7.915330661322656,""score"":100.0},""R3_stop_distance_atr"":{""value"":1.3665266279500818,""score"":93.32633139750409},""R4_rr_potential"":{""value"":2.379897461864673,""score"":68.99487309323365},""_score"":75.85},""market"":{""M1_spy_regime"":{""score"":100.0},""M3_earnings_risk"":{""value"":null,""score"":80.0},""M4_vix"":{""value"":null,""score"":60.0},""_score"":84.0},""liquidity"":{""L1_price"":{""value"":9.98,""score"":99.99},""L2_dollar_vol"":{""value"":29913286.64377002,""score"":73.79320663089742},""L3_spread_proxy"":{""value"":0.043086172344689345,""score"":56.913827655310655},""L4_volume_zscore"":{""value"":-1.0623958105806917,""score"":100.0},""_score"":85.21},""pattern_structure"":{""left_low"":9.33,""left_idx"":31,""right_low"":9.65,""right_idx"":74,""separation_bars"":43,""structural_low"":9.33,""current_price"":9.96,""neckline_distance_pct"":0.06375502008032126,""base_bars"":43},""pattern_geometry_features"":{""low_similarity_pct"":0.0337197049525817,""bounce_pct"":0.1355841371918543,""right_bottom_reaction"":0.18604651162790725,""atr_pct"":0.05792298883481249},""_schema_version"":""1.0""}",,,,,,,,,,
20260429T042402Z-4f6251,2026-04-29T04:24:02.652419+00:00,WK,inverse_head_shoulders,forming,47.06,5.0,58.4,50.8,50.8,10.9,58.3,66.0,84.0,91.3,0.6,16.36,4.07,7.11,1.53,4.66,3.96,4.2,4.57,False,,54.19,55.99,50.2153,61.0,"{""trend"":{""T1_ema_stack"":{""value"":[false,false,false],""score"":0.0},""T2_ema50_slope"":{""value"":-0.5379521562349917,""score"":0},""T3_high_proximity"":{""value"":0.6666256612129412,""score"":0},""T4_rs_1m"":{""value"":-0.18532321288367537,""score"":0},""T5_rs_3m"":{""value"":-0.35452827509831963,""score"":0},""T6_adr_healthy"":{""value"":4.122645264057155,""score"":100.0},""_score"":5.0},""geometry"":{""sub_head_depth"":67.4,""sub_shoulder_price_sym"":27.8,""sub_shoulder_time_sym"":100,""sub_right_shoulder_reaction"":85.6,""sub_base_context"":30.0,""_score"":58.44},""compression"":{""VC1_atr_ratio"":{""value"":0.3385442288910555,""score"":100},""VC2_range_contraction"":{""value"":1.0198158173154903,""score"":0},""VC3_range_pct_rank"":{""score"":43.333333333333336},""_score"":50.83},""sr_quality"":{""SR1_touches"":{""value"":3,""score"":50.0},""SR2_tightness"":{""value"":0.6135189936387915,""score"":51.53468240404525},""SR3_recency"":{""value"":242,""score"":0.0},""SR4_price_location"":{""score"":52.18649517684888},""SR5_reaction"":{""value"":2.8445008698923218,""score"":100},""_score"":50.78,""_levels_found"":5,""_target_level"":56.6683},""volume"":{""V1_rvol_day"":{""value"":1.094842367516511,""score"":39.656157834434076},""V2_rvol_sameslot"":{""value"":0.5755687015721226,""score"":5.037913438141506,""status"":""ok""},""V3_breakout_bar"":{""value"":0.5617076213847673,""score"":4.1138414256511515},""V4_base_dryup"":{""value"":1.5741020950148967,""score"":0},""V5_bo_expansion"":{""value"":1.0948423675165109,""score"":6.322824501100725},""_score"":10.92},""readiness"":{""_distance_atr"":0.711,""BR1_atr_distance"":{""score"":52.602623783326166},""BR2_compression"":{""score"":79.05669968529763},""BR3_retest"":{""score"":50.0},""BR4_bo_age"":{""score"":50.0},""_score"":58.31},""risk"":{""R1_stop_clarity"":{""score"":39.592044011849524},""R2_stop_distance_pct"":{""value"":7.334748108507102,""score"":100.0},""R3_stop_distance_atr"":{""value"":1.5699195937367747,""score"":100.0},""R4_rr_potential"":{""value"":1.7133368556117472,""score"":35.66684278058736},""_score"":65.99},""market"":{""M1_spy_regime"":{""score"":100.0},""M3_earnings_risk"":{""value"":null,""score"":80.0},""M4_vix"":{""value"":null,""score"":60.0},""_score"":84.0},""liquidity"":{""L1_price"":{""value"":54.19,""score"":100.0},""L2_dollar_vol"":{""value"":57157233.08316874,""score"":87.8535598462225},""L3_spread_proxy"":{""value"":0.03801439379959393,""score"":61.98560620040607},""L4_volume_zscore"":{""value"":0.20207957414912853,""score"":100.0},""_score"":91.34},""pattern_structure"":{""left_shoulder"":55.06,""left_shoulder_idx"":71,""head"":50.98,""head_idx"":79,""right_shoulder"":51.97,""right_shoulder_idx"":87,""left_to_head_bars"":8,""head_to_right_bars"":8,""structural_low"":50.98,""current_price"":53.925,""neckline_distance_pct"":0.038293926750115996,""base_bars"":16},""pattern_geometry_features"":{""head_depth_pct"":0.04736989629075967,""shoulder_price_asymmetry"":0.057740820330748455,""shoulder_time_asymmetry"":0.0,""right_shoulder_reaction"":0.8560606060606079,""atr_pct"":0.04672053357235125},""_schema_version"":""1.0""}",,,,,,,,,,
20260429T042402Z-4f6251,2026-04-29T04:24:02.652419+00:00,MGNI,vcp,absent,47.03,34.7,35.0,64.2,57.4,23.9,40.9,66.2,84.0,83.2,5.21,8.75,7.7,6.89,3.11,2.86,3.31,5.04,4.16,False,,12.97,14.11,12.081,14.495,"{""trend"":{""T1_ema_stack"":{""value"":[true,false,false],""score"":33.33333333333333},""T2_ema50_slope"":{""value"":-0.04692519482098899,""score"":42.179134196501835},""T3_high_proximity"":{""value"":0.8635153129161119,""score"":31.757656458055948},""T4_rs_1m"":{""value"":-0.009075382740715288,""score"":40.924617259284716},""T5_rs_3m"":{""value"":-0.16149891023078966,""score"":0},""T6_adr_healthy"":{""value"":4.611461697254766,""score"":100.0},""_score"":34.72},""geometry"":{""sub_contraction_count"":100.0,""sub_reduction_rate"":0,""sub_pivot_tightness"":0,""sub_volume_dryup"":0,""sub_base_depth"":0.0,""sub_base_duration"":100.0,""_score"":35.0},""compression"":{""VC1_atr_ratio"":{""value"":0.5786753372656025,""score"":100},""VC2_range_contraction"":{""value"":1.0290341895584896,""score"":0},""VC3_range_pct_rank"":{""score"":96.66666666666667},""_score"":64.17},""sr_quality"":{""SR1_touches"":{""value"":2,""score"":25.0},""SR2_tightness"":{""value"":0.015000000000000568,""score"":95.31511433351906},""SR3_recency"":{""value"":248,""score"":0.0},""SR4_price_location"":{""score"":82.38341968911936},""SR5_reaction"":{""value"":2.572783045175684,""score"":100},""_score"":57.39,""_levels_found"":7,""_target_level"":13.055},""volume"":{""V1_rvol_day"":{""value"":0.7666302487368158,""score"":17.77534991578772},""V2_rvol_sameslot"":{""value"":0.7369564713404461,""score"":15.797098089363072,""status"":""ok""},""V3_breakout_bar"":{""value"":0.8736387790661133,""score"":24.909251937740887},""V4_base_dryup"":{""value"":0.9516200648106156,""score"":54.83799351893845},""V5_bo_expansion"":{""value"":0.7666302487368158,""score"":0},""_score"":23.91},""readiness"":{""_distance_atr"":1.78,""BR1_atr_distance"":{""score"":0},""BR2_compression"":{""score"":93.51313636801531},""BR3_retest"":{""score"":50.0},""BR4_bo_age"":{""score"":50.0},""_score"":40.88},""risk"":{""R1_stop_clarity"":{""score"":42.539877300613405},""R2_stop_distance_pct"":{""value"":6.854086353122593,""score"":100.0},""R3_stop_distance_atr"":{""value"":1.3882487451199117,""score"":94.41243725599558},""R4_rr_potential"":{""value"":1.7154588149273018,""score"":35.77294074636509},""_score"":66.21},""market"":{""M1_spy_regime"":{""score"":100.0},""M3_earnings_risk"":{""value"":null,""score"":80.0},""M4_vix"":{""value"":null,""score"":60.0},""_score"":84.0},""liquidity"":{""L1_price"":{""value"":12.97,""score"":100.0},""L2_dollar_vol"":{""value"":19305082.88206071,""score"":64.28358352552048},""L3_spread_proxy"":{""value"":0.024672320740169642,""score"":75.32767925983036},""L4_volume_zscore"":{""value"":-0.8094733277436981,""score"":100.0},""_score"":83.25},""pattern_structure"":{""n_contractions"":5,""contractions_pct"":[11.07,18.47,12.88,9.66,13.08],""descending_strict"":false,""final_low"":12.265,""final_pivot"":14.11,""structural_low"":12.265,""dry_up_ratio"":1.1106671213831845,""current_price"":12.97,""neckline_distance_pct"":0.08789514263685418,""base_bars"":43},""pattern_geometry_features"":{""contraction_count"":5.0,""first_contraction_pct"":0.11067193675889331,""last_contraction_pct"":0.1307583274273564,""dry_up_ratio"":1.1106671213831845,""near_monotone"":0.0,""base_depth_pct"":0.030434782608695636},""_schema_version"":""1.0""}",,,,,,,,,,
20260429T042402Z-4f6251,2026-04-29T04:24:02.652419+00:00,AXON,breakout_retest_hold,setup,46.87,5.0,40.0,72.2,69.2,9.1,67.4,58.8,84.0,96.7,0.7,8.8,4.33,9.69,1.18,12.13,2.94,4.2,2.9,False,,406.31,394.32,396.4455,382.06,"{""trend"":{""T1_ema_stack"":{""value"":[false,false,false],""score"":0.0},""T2_ema50_slope"":{""value"":-0.8092671767588335,""score"":0},""T3_high_proximity"":{""value"":0.7016353243882643,""score"":0},""T4_rs_1m"":{""value"":-0.17734126114155402,""score"":0},""T5_rs_3m"":{""value"":-0.3574511026267352,""score"":0},""T6_adr_healthy"":{""value"":5.269102540615696,""score"":100.0},""_score"":5.0},""geometry"":{""sub_retest_depth"":0.0,""sub_retest_timing"":100.0,""sub_retest_freshness"":100.0,""sub_hold_quality"":0.0,""_score"":40.0},""compression"":{""VC1_atr_ratio"":{""value"":0.20625471990767436,""score"":100},""VC2_range_contraction"":{""value"":0.7329045252110467,""score"":44.51591246482556},""VC3_range_pct_rank"":{""score"":66.66666666666667},""_score"":72.25},""sr_quality"":{""SR1_touches"":{""value"":4,""score"":75.0},""SR2_tightness"":{""value"":3.636100112758173,""score"":65.05191260155793},""SR3_recency"":{""value"":225,""score"":0.0},""SR4_price_location"":{""score"":87.70204321637951},""SR5_reaction"":{""value"":3.92539066133782,""score"":100},""_score"":69.18,""_levels_found"":4,""_target_level"":414.8401},""volume"":{""V1_rvol_day"":{""value"":0.6745061004296175,""score"":11.633740028641164},""V2_rvol_sameslot"":{""value"":0.5681262757492814,""score"":4.541751716618761,""status"":""ok""},""V3_breakout_bar"":{""value"":0.8304532003918694,""score"":22.03021335945796},""V4_base_dryup"":{""value"":1.4841415572975147,""score"":1.5858442702485291},""V5_bo_expansion"":{""value"":0.6745061004296176,""score"":0},""_score"":9.06},""readiness"":{""_distance_atr"":-0.576,""BR1_atr_distance"":{""score"":48.47590674313237},""BR2_compression"":{""score"":93.94295247535305},""BR3_retest"":{""score"":100},""BR4_bo_age"":{""score"":30.0},""_score"":67.38},""risk"":{""R1_stop_clarity"":{""score"":61.511066349352404},""R2_stop_distance_pct"":{""value"":2.427826044153484,""score"":100.0},""R3_stop_distance_atr"":{""value"":0.4740592907938735,""score"":48.702964539693674},""R4_rr_potential"":{""value"":-2.458310101880475,""score"":0.0},""_score"":58.83},""market"":{""M1_spy_regime"":{""score"":100.0},""M3_earnings_risk"":{""value"":null,""score"":80.0},""M4_vix"":{""value"":null,""score"":60.0},""_score"":84.0},""liquidity"":{""L1_price"":{""value"":406.31,""score"":100.0},""L2_dollar_vol"":{""value"":313188041.403009,""score"":100.0},""L3_spread_proxy"":{""value"":0.033417833673795805,""score"":66.5821663262042},""L4_volume_zscore"":{""value"":-0.771067726978771,""score"":100.0},""_score"":96.66},""pattern_structure"":{""level"":394.32,""level_idx"":62,""breakout_idx"":67,""bo_peak_idx"":74,""bo_peak_price"":411.998,""retest_idx"":75,""retest_low"":400.45,""structural_low"":400.45,""current_price"":405.38,""neckline_distance_pct"":-0.027283043070699103,""base_bars"":17,""bars_since_breakout"":12},""pattern_geometry_features"":{""retest_depth_atr"":-1.2700338892753007,""bars_breakout_to_retest"":8.0,""bars_since_retest"":4.0,""current_above_level_atr"":2.291447767599484,""bo_peak_excess_pct"":0.04483160884560762,""atr_pct"":0.051213552635742586},""_schema_version"":""1.0""}",,,,,,,,,,
20260429T042402Z-4f6251,2026-04-29T04:24:02.652419+00:00,TMC,vcp,setup,46.85,25.0,41.9,59.3,49.5,19.7,75.5,58.2,84.0,75.6,3.75,10.47,7.11,5.94,2.56,5.29,2.91,5.04,3.78,False,,5.06,4.88,4.1764,8.78,"{""trend"":{""T1_ema_stack"":{""value"":[false,false,false],""score"":0.0},""T2_ema50_slope"":{""value"":-0.5108089675917644,""score"":0},""T3_high_proximity"":{""value"":0.6016646848989298,""score"":0},""T4_rs_1m"":{""value"":0.06263160583111538,""score"":100},""T5_rs_3m"":{""value"":-0.3947215015929161,""score"":0},""T6_adr_healthy"":{""value"":7.190506965017105,""score"":100.0},""_score"":25.0},""geometry"":{""sub_contraction_count"":100.0,""sub_reduction_rate"":0,""sub_pivot_tightness"":0,""sub_volume_dryup"":45.9,""sub_base_depth"":0.0,""sub_base_duration"":100.0,""_score"":41.88},""compression"":{""VC1_atr_ratio"":{""value"":0.6003312015912179,""score"":99.91719960219552},""VC2_range_contraction"":{""value"":0.9366898417316782,""score"":10.551693044720293},""VC3_range_pct_rank"":{""score"":62.5},""_score"":59.28},""sr_quality"":{""SR1_touches"":{""value"":3,""score"":50.0},""SR2_tightness"":{""value"":0.03681787005729081,""score"":80.46242089255867},""SR3_recency"":{""value"":257,""score"":0.0},""SR4_price_location"":{""score"":29.596412556053785},""SR5_reaction"":{""value"":2.5515651157648684,""score"":100},""_score"":49.47,""_levels_found"":7,""_target_level"":5.5833},""volume"":{""V1_rvol_day"":{""value"":0.5518903170802767,""score"":3.4593544720184464},""V2_rvol_sameslot"":{""value"":0.3593209539636344,""score"":0,""status"":""ok""},""V3_breakout_bar"":{""value"":0.5307213888331067,""score"":2.0480925888737804},""V4_base_dryup"":{""value"":0.5748467302648327,""score"":92.51532697351674},""V5_bo_expansion"":{""value"":0.5518903170802766,""score"":0},""_score"":19.71},""readiness"":{""_distance_atr"":-0.478,""BR1_atr_distance"":{""score"":100.0},""BR2_compression"":{""score"":72.14197710451779},""BR3_retest"":{""score"":50.0},""BR4_bo_age"":{""score"":50.0},""_score"":75.54},""risk"":{""R1_stop_clarity"":{""score"":66.25035534918976},""R2_stop_distance_pct"":{""value"":17.462450592885368,""score"":0.0},""R3_stop_distance_atr"":{""value"":2.3444328626930706,""score"":100.0},""R4_rr_potential"":{""value"":4.210049796287917,""score"":100.0},""_score"":58.19},""market"":{""M1_spy_regime"":{""score"":100.0},""M3_earnings_risk"":{""value"":null,""score"":80.0},""M4_vix"":{""value"":null,""score"":60.0},""_score"":84.0},""liquidity"":{""L1_price"":{""value"":5.06,""score"":97.53},""L2_dollar_vol"":{""value"":13598379.984271718,""score"":56.67435863248676},""L3_spread_proxy"":{""value"":0.06422924901185775,""score"":35.770750988142254},""L4_volume_zscore"":{""value"":-1.5654922234347424,""score"":100.0},""_score"":75.63},""pattern_structure"":{""n_contractions"":5,""contractions_pct"":[14.0,43.98,16.94,39.86,13.11],""descending_strict"":false,""final_low"":4.24,""final_pivot"":4.88,""structural_low"":4.24,""dry_up_ratio"":0.7704398105946336,""current_price"":5.06,""neckline_distance_pct"":-0.035573122529644216,""base_bars"":60},""pattern_geometry_features"":{""contraction_count"":5.0,""first_contraction_pct"":0.1400491400491401,""last_contraction_pct"":0.13114754098360648,""dry_up_ratio"":0.7704398105946336,""near_monotone"":0.0,""base_depth_pct"":0.47911547911547914},""_schema_version"":""1.0""}",,,,,,,,,,
20260429T042402Z-4f6251,2026-04-29T04:24:02.652419+00:00,ZS,double_bottom,forming,46.8,5.0,51.6,65.6,51.0,19.7,47.5,74.9,84.0,97.2,0.75,12.9,5.25,7.14,2.56,3.8,4.49,5.04,4.86,False,,136.07,144.715,131.1233,156.3099,"{""trend"":{""T1_ema_stack"":{""value"":[false,false,false],""score"":0.0},""T2_ema50_slope"":{""value"":-0.7765227546991562,""score"":0},""T3_high_proximity"":{""value"":0.6359897172236504,""score"":0},""T4_rs_1m"":{""value"":-0.10052669433849615,""score"":0},""T5_rs_3m"":{""value"":-0.4038637864487712,""score"":0},""T6_adr_healthy"":{""value"":5.020844825157119,""score"":100.0},""_score"":5.0},""geometry"":{""sub_low_similarity"":84.0,""sub_bounce_quality"":81.6,""sub_separation_fit"":13.3,""sub_right_bottom_reaction"":14.0,""sub_base_context"":30.0,""_score"":51.61},""compression"":{""VC1_atr_ratio"":{""value"":0.36428981746925415,""score"":100},""VC2_range_contraction"":{""value"":0.861464605739246,""score"":23.089232376792335},""VC3_range_pct_rank"":{""score"":70.0},""_score"":65.58},""sr_quality"":{""SR1_touches"":{""value"":3,""score"":50.0},""SR2_tightness"":{""value"":1.770672643846593,""score"":52.261439732064034},""SR3_recency"":{""value"":226,""score"":0.0},""SR4_price_location"":{""score"":52.63820389293829},""SR5_reaction"":{""value"":2.963202506574078,""score"":100},""_score"":51.0,""_levels_found"":7,""_target_level"":142.2784},""volume"":{""V1_rvol_day"":{""value"":0.7504122134453332,""score"":16.69414756302221},""V2_rvol_sameslot"":{""value"":0.8139274301415177,""score"":20.928495342767846,""status"":""ok""},""V3_breakout_bar"":{""value"":1.1366774384245313,""score"":42.44516256163542},""V4_base_dryup"":{""value"":1.4202592147137953,""score"":7.974078528620467},""V5_bo_expansion"":{""value"":0.7504122134453332,""score"":0},""_score"":19.73},""readiness"":{""_distance_atr"":1.165,""BR1_atr_distance"":{""score"":22.308271765061818},""BR2_compression"":{""score"":84.30913242238411},""BR3_retest"":{""score"":50.0},""BR4_bo_age"":{""score"":50.0},""_score"":47.5},""risk"":{""R1_stop_clarity"":{""score"":46.16484922714273},""R2_stop_distance_pct"":{""value"":3.635409348129631,""score"":100.0},""R3_stop_distance_atr"":{""value"":0.6668324845529666,""score"":58.341624227648325},""R4_rr_potential"":{""value"":4.091595177109443,""score"":100.0},""_score"":74.91},""market"":{""M1_spy_regime"":{""score"":100.0},""M3_earnings_risk"":{""value"":null,""score"":80.0},""M4_vix"":{""value"":null,""score"":60.0},""_score"":84.0},""liquidity"":{""L1_price"":{""value"":136.07,""score"":100.0},""L2_dollar_vol"":{""value"":295102703.27327436,""score"":100.0},""L3_spread_proxy"":{""value"":0.0283310060998015,""score"":71.6689939001985},""L4_volume_zscore"":{""value"":-0.5164080353620502,""score"":100.0},""_score"":97.17},""pattern_structure"":{""left_low"":133.1201,""left_idx"":30,""right_low"":134.19,""right_idx"":73,""separation_bars"":43,""structural_low"":133.1201,""current_price"":136.48,""neckline_distance_pct"":0.060338511137163056,""base_bars"":43},""pattern_geometry_features"":{""low_similarity_pct"":0.008004935092239237,""bounce_pct"":0.0871010463483726,""right_bottom_reaction"":0.13986013986013124,""atr_pct"":0.05451758023706282},""_schema_version"":""1.0""}",,,,,,,,,,
20260429T042402Z-4f6251,2026-04-29T04:24:02.652419+00:00,UEC,bull_flag,absent,46.78,50.1,26.2,50.8,78.8,32.1,32.1,79.1,84.0,92.9,7.01,7.87,4.57,7.88,4.49,2.89,2.37,5.04,4.64,False,,14.46,15.98,13.7654,17.6,"{""trend"":{""T1_ema_stack"":{""value"":[true,true,true],""score"":100.0},""T2_ema50_slope"":{""value"":0.021092766701179023,""score"":53.51546111686317},""T3_high_proximity"":{""value"":0.7179741807348561,""score"":0},""T4_rs_1m"":{""value"":-0.003185057331129615,""score"":46.81494266887039},""T5_rs_3m"":{""value"":-0.2701679301643445,""score"":0},""T6_adr_healthy"":{""value"":6.355737067767716,""score"":100.0},""_score"":50.07},""geometry"":{""sub_pole_impulse"":16.6,""sub_flag_tightness"":0,""sub_flag_shallowness"":0,""sub_flag_drift"":100,""sub_flag_duration"":62.5,""_score"":26.23},""compression"":{""VC1_atr_ratio"":{""value"":0.5903529858395002,""score"":100},""VC2_range_contraction"":{""value"":1.0454839891372365,""score"":0},""VC3_range_pct_rank"":{""score"":43.333333333333336},""_score"":50.83},""sr_quality"":{""SR1_touches"":{""value"":6,""score"":100},""SR2_tightness"":{""value"":0.16491620768000792,""score"":66.35442121302044},""SR3_recency"":{""value"":235,""score"":0.0},""SR4_price_location"":{""score"":95.55119994530176},""SR5_reaction"":{""value"":2.2619786657340213,""score"":100},""_score"":78.84,""_levels_found"":7,""_target_level"":14.5251},""volume"":{""V1_rvol_day"":{""value"":1.1082235706382673,""score"":40.54823804255115},""V2_rvol_sameslot"":{""value"":1.0056920573333756,""score"":33.71280382222504,""status"":""ok""},""V3_breakout_bar"":{""value"":0.6127753356646164,""score"":7.518355710974427},""V4_base_dryup"":{""value"":0.7875863208068946,""score"":71.24136791931053},""V5_bo_expansion"":{""value"":1.1082235706382675,""score"":7.214904709217833},""_score"":32.06},""readiness"":{""_distance_atr"":1.551,""BR1_atr_distance"":{""score"":0},""BR2_compression"":{""score"":58.597477005352395},""BR3_retest"":{""score"":50.0},""BR4_bo_age"":{""score"":50.0},""_score"":32.15},""risk"":{""R1_stop_clarity"":{""score"":57.233103086473555},""R2_stop_distance_pct"":{""value"":4.803769017980651,""score"":100.0},""R3_stop_distance_atr"":{""value"":0.7085737810031788,""score"":60.428689050158944},""R4_rr_potential"":{""value"":4.520424689580697,""score"":100.0},""_score"":79.1},""market"":{""M1_spy_regime"":{""score"":100.0},""M3_earnings_risk"":{""value"":null,""score"":80.0},""M4_vix"":{""value"":null,""score"":60.0},""_score"":84.0},""liquidity"":{""L1_price"":{""value"":14.46,""score"":100.0},""L2_dollar_vol"":{""value"":130796605.24902318,""score"":100.0},""L3_spread_proxy"":{""value"":0.07123098201936372,""score"":28.769017980636278},""L4_volume_zscore"":{""value"":0.4090502719044146,""score"":100.0},""_score"":92.88},""pattern_structure"":{""pole_low"":14.36,""pole_low_idx"":18,""peak_price"":15.98,""peak_idx"":36,""pole_gain"":0.11281337047353768,""flag_bars"":23,""flag_low"":13.975,""flag_high"":15.7,""structural_low"":13.975,""current_price"":14.485,""neckline_distance_pct"":0.10321021746634457,""base_bars"":23},""pattern_geometry_features"":{""pole_gain"":0.11281337047353768,""pullback_pct"":0.1254693366708386,""flag_range_pct"":0.10794743429286606,""flag_drift_per_bar"":0.00011144232618994678,""atr_pct"":0.06779490219324244,""pole_atr_multiple"":1.664039136039679},""_schema_version"":""1.0""}",,,,,,,,,,
20260429T042402Z-4f6251,2026-04-29T04:24:02.652419+00:00,PCTY,double_bottom,absent,46.73,5.0,41.1,58.5,40.5,56.0,52.8,66.7,84.0,96.2,0.75,10.27,4.68,5.67,7.28,4.22,4.0,5.04,4.81,False,,102.27,106.19,98.037,112.85,"{""trend"":{""T1_ema_stack"":{""value"":[false,false,false],""score"":0.0},""T2_ema50_slope"":{""value"":-0.4734729807646477,""score"":0},""T3_high_proximity"":{""value"":0.7269173359869215,""score"":0},""T4_rs_1m"":{""value"":-0.15198443055698074,""score"":0},""T5_rs_3m"":{""value"":-0.3037910306286754,""score"":0},""T6_adr_healthy"":{""value"":4.261963024660869,""score"":100.0},""_score"":5.0},""geometry"":{""sub_low_similarity"":67.1,""sub_bounce_quality"":52.7,""sub_separation_fit"":0.0,""sub_right_bottom_reaction"":29.4,""sub_base_context"":30.0,""_score"":41.08},""compression"":{""VC1_atr_ratio"":{""value"":0.2711109768556317,""score"":100},""VC2_range_contraction"":{""value"":0.864861024927004,""score"":22.523162512166},""VC3_range_pct_rank"":{""score"":42.50000000000001},""_score"":58.51},""sr_quality"":{""SR1_touches"":{""value"":2,""score"":25.0},""SR2_tightness"":{""value"":0.10000000000000142,""score"":95.31456817888971},""SR3_recency"":{""value"":235,""score"":0.0},""SR4_price_location"":{""score"":14.914011840992433},""SR5_reaction"":{""value"":3.061929695095527,""score"":100},""_score"":40.53,""_levels_found"":5,""_target_level"":109.815},""volume"":{""V1_rvol_day"":{""value"":1.1873493399071253,""score"":45.82328932714169},""V2_rvol_sameslot"":{""value"":1.3095411995198603,""score"":53.96941330132402,""status"":""ok""},""V3_breakout_bar"":{""value"":1.933737499392508,""score"":95.58249995950054},""V4_base_dryup"":{""value"":0.9856649115435643,""score"":51.43350884564357},""V5_bo_expansion"":{""value"":1.1873493399071255,""score"":12.48995599380837},""_score"":56.01},""readiness"":{""_distance_atr"":0.918,""BR1_atr_distance"":{""score"":38.77702420415984},""BR2_compression"":{""score"":79.21675693057514},""BR3_retest"":{""score"":50.0},""BR4_bo_age"":{""score"":50.0},""_score"":52.81},""risk"":{""R1_stop_clarity"":{""score"":30.048845626734703},""R2_stop_distance_pct"":{""value"":4.138994817639584,""score"":100.0},""R3_stop_distance_atr"":{""value"":0.9916599313584248,""score"":74.58299656792124},""R4_rr_potential"":{""value"":2.4994389255719986,""score"":74.97194627859993},""_score"":66.7},""market"":{""M1_spy_regime"":{""score"":100.0},""M3_earnings_risk"":{""value"":null,""score"":80.0},""M4_vix"":{""value"":null,""score"":60.0},""_score"":84.0},""liquidity"":{""L1_price"":{""value"":102.27,""score"":100.0},""L2_dollar_vol"":{""value"":97997760.72980501,""score"":99.56080760411452},""L3_spread_proxy"":{""value"":0.03598318177373612,""score"":64.01681822626388},""L4_volume_zscore"":{""value"":0.5048637886544272,""score"":100.0},""_score"":96.23},""pattern_structure"":{""left_low"":99.53,""left_idx"":26,""right_low"":101.18,""right_idx"":73,""separation_bars"":47,""structural_low"":99.53,""current_price"":102.03,""neckline_distance_pct"":0.040772321866117775,""base_bars"":47},""pattern_geometry_features"":{""low_similarity_pct"":0.016441632205669927,""bounce_pct"":0.0669144981412639,""right_bottom_reaction"":0.2941176470588219,""atr_pct"":0.041738046347902596},""_schema_version"":""1.0""}",,,,,,,,,,
20260429T042402Z-4f6251,2026-04-29T04:24:02.652419+00:00,EXE,base_on_base,forming,46.72,8.8,55.0,82.9,56.0,16.5,34.2,39.7,84.0,98.2,1.59,13.75,8.29,5.6,1.98,2.74,1.98,5.88,4.91,True,risk_unclear,96.96,114.81,96.8747,122.6,"{""trend"":{""T1_ema_stack"":{""value"":[false,false,false],""score"":0.0},""T2_ema50_slope"":{""value"":-0.31109360930142677,""score"":0},""T3_high_proximity"":{""value"":0.8511235955056179,""score"":25.561797752808925},""T4_rs_1m"":{""value"":-0.26810697601745426,""score"":0},""T5_rs_3m"":{""value"":-0.13228024867197186,""score"":0},""T6_adr_healthy"":{""value"":2.551121461602475,""score"":100.0},""_score"":8.83},""geometry"":{""sub_shallower_second"":0,""sub_second_base_depth"":100.0,""sub_rim_advance"":100,""sub_dry_up"":0,""sub_second_base_duration"":100.0,""_score"":55.0},""compression"":{""VC1_atr_ratio"":{""value"":0.24316071993619418,""score"":100},""VC2_range_contraction"":{""value"":0.6648213901419,""score"":55.86310164301666},""VC3_range_pct_rank"":{""score"":93.33333333333333},""_score"":82.89},""sr_quality"":{""SR1_touches"":{""value"":2,""score"":25.0},""SR2_tightness"":{""value"":0.125,""score"":89.18688562008097},""SR3_recency"":{""value"":269,""score"":0.0},""SR4_price_location"":{""score"":80.34175805730719},""SR5_reaction"":{""value"":5.834756519404315,""score"":100},""_score"":55.96,""_levels_found"":6,""_target_level"":98.475},""volume"":{""V1_rvol_day"":{""value"":0.8047346714535224,""score"":20.315644763568162},""V2_rvol_sameslot"":{""value"":0.6229446870382895,""score"":8.196312469219302,""status"":""ok""},""V3_breakout_bar"":{""value"":0.7907260437291054,""score"":19.381736248607027},""V4_base_dryup"":{""value"":1.2035350894102106,""score"":29.64649105897894},""V5_bo_expansion"":{""value"":0.8047346714535224,""score"":0},""_score"":16.48},""readiness"":{""_distance_atr"":7.721,""BR1_atr_distance"":{""score"":0},""BR2_compression"":{""score"":66.99202751491501},""BR3_retest"":{""score"":50.0},""BR4_bo_age"":{""score"":50.0},""_score"":34.25},""risk"":{""R1_stop_clarity"":{""score"":0},""R2_stop_distance_pct"":{""value"":0.08792285478548066,""score"":52.19807136963701},""R3_stop_distance_atr"":{""value"":0.03687272003552479,""score"":26.84363600177624},""R4_rr_potential"":{""value"":300.76246334310144,""score"":100.0},""_score"":39.69},""market"":{""M1_spy_regime"":{""score"":100.0},""M3_earnings_risk"":{""value"":null,""score"":80.0},""M4_vix"":{""value"":null,""score"":60.0},""_score"":84.0},""liquidity"":{""L1_price"":{""value"":96.96,""score"":100.0},""L2_dollar_vol"":{""value"":260132148.29209822,""score"":100.0},""L3_spread_proxy"":{""value"":0.018151815181518205,""score"":81.8481848184818},""L4_volume_zscore"":{""value"":-0.8970949170722291,""score"":100.0},""_score"":98.18},""pattern_structure"":{""first_base_low"":91.015,""first_base_top"":98.805,""first_base_bars"":20,""second_base_low"":98.35,""second_base_top"":114.81,""second_base_bars"":59,""structural_low"":98.35,""stacking_overlap_pct"":0.004605030109812383,""current_price"":96.96,""neckline_distance_pct"":0.18409653465346545,""base_bars"":59},""pattern_geometry_features"":{""first_base_depth_pct"":0.0788421638581044,""second_base_depth_pct"":0.14336730249978233,""second_dry_up_ratio"":1.526553638776122,""rim_advance_pct"":0.16198572946713216,""atr_pct"":0.023844960366572344},""_schema_version"":""1.0""}",,,,,,,,,,
20260429T042402Z-4f6251,2026-04-29T04:24:02.652419+00:00,WK,double_bottom,forming,46.66,5.0,52.0,50.8,50.8,25.7,58.3,68.8,84.0,91.3,0.75,12.99,4.07,7.11,3.34,4.66,4.13,5.04,4.57,False,,54.19,55.99,52.5793,58.6,"{""trend"":{""T1_ema_stack"":{""value"":[false,false,false],""score"":0.0},""T2_ema50_slope"":{""value"":-0.5379521562349917,""score"":0},""T3_high_proximity"":{""value"":0.6666256612129412,""score"":0},""T4_rs_1m"":{""value"":-0.18532321288367537,""score"":0},""T5_rs_3m"":{""value"":-0.35452827509831963,""score"":0},""T6_adr_healthy"":{""value"":4.122645264057155,""score"":100.0},""_score"":5.0},""geometry"":{""sub_low_similarity"":38.0,""sub_bounce_quality"":27.0,""sub_separation_fit"":100.0,""sub_right_bottom_reaction"":94.4,""sub_base_context"":30.0,""_score"":51.96},""compression"":{""VC1_atr_ratio"":{""value"":0.3385442288910555,""score"":100},""VC2_range_contraction"":{""value"":1.0198158173154903,""score"":0},""VC3_range_pct_rank"":{""score"":43.333333333333336},""_score"":50.83},""sr_quality"":{""SR1_touches"":{""value"":3,""score"":50.0},""SR2_tightness"":{""value"":0.6135189936387915,""score"":51.53468240404525},""SR3_recency"":{""value"":242,""score"":0.0},""SR4_price_location"":{""score"":52.18649517684888},""SR5_reaction"":{""value"":2.8445008698923218,""score"":100},""_score"":50.78,""_levels_found"":5,""_target_level"":56.6683},""volume"":{""V1_rvol_day"":{""value"":1.094842367516511,""score"":39.656157834434076},""V2_rvol_sameslot"":{""value"":0.5755687015721226,""score"":5.037913438141506,""status"":""ok""},""V3_breakout_bar"":{""value"":0.5617076213847673,""score"":4.1138414256511515},""V4_base_dryup"":{""value"":0.7602812990650423,""score"":73.97187009349577},""V5_bo_expansion"":{""value"":1.0948423675165109,""score"":6.322824501100725},""_score"":25.71},""readiness"":{""_distance_atr"":0.711,""BR1_atr_distance"":{""score"":52.602623783326166},""BR2_compression"":{""score"":79.05669968529763},""BR3_retest"":{""score"":50.0},""BR4_bo_age"":{""score"":50.0},""_score"":58.31},""risk"":{""R1_stop_clarity"":{""score"":36.748201438848994},""R2_stop_distance_pct"":{""value"":2.9723196161653336,""score"":100.0},""R3_stop_distance_atr"":{""value"":0.6361912822683007,""score"":56.809564113415036},""R4_rr_potential"":{""value"":2.7379400260756315,""score"":86.89700130378158},""_score"":68.76},""market"":{""M1_spy_regime"":{""score"":100.0},""M3_earnings_risk"":{""value"":null,""score"":80.0},""M4_vix"":{""value"":null,""score"":60.0},""_score"":84.0},""liquidity"":{""L1_price"":{""value"":54.19,""score"":100.0},""L2_dollar_vol"":{""value"":57157233.08316874,""score"":87.8535598462225},""L3_spread_proxy"":{""value"":0.03801439379959393,""score"":61.98560620040607},""L4_volume_zscore"":{""value"":0.20207957414912853,""score"":100.0},""_score"":91.34},""pattern_structure"":{""left_low"":55.06,""left_idx"":51,""right_low"":53.38,""right_idx"":76,""separation_bars"":25,""structural_low"":53.38,""current_price"":53.925,""neckline_distance_pct"":0.038293926750115996,""base_bars"":25},""pattern_geometry_features"":{""low_similarity_pct"":0.030984876429361853,""bounce_pct"":0.048894717122517785,""right_bottom_reaction"":0.9444444444444415,""atr_pct"":0.04672053357235125},""_schema_version"":""1.0""}",,,,,,,,,,
20260429T042402Z-4f6251,2026-04-29T04:24:02.652419+00:00,SNOW,double_bottom,absent,46.58,5.0,48.9,69.6,70.7,4.2,39.9,75.6,84.0,96.6,0.75,12.23,5.56,9.89,0.55,3.19,4.54,5.04,4.83,False,,142.56,156.7,139.3775,171.9,"{""trend"":{""T1_ema_stack"":{""value"":[false,false,false],""score"":0.0},""T2_ema50_slope"":{""value"":-0.7268649610640671,""score"":0},""T3_high_proximity"":{""value"":0.66,""score"":0},""T4_rs_1m"":{""value"":-0.1893958105770409,""score"":0},""T5_rs_3m"":{""value"":-0.35321067399513184,""score"":0},""T6_adr_healthy"":{""value"":5.853698297302418,""score"":100.0},""_score"":5.0},""geometry"":{""sub_low_similarity"":68.2,""sub_bounce_quality"":100,""sub_separation_fit"":0.0,""sub_right_bottom_reaction"":16.5,""sub_base_context"":30.0,""_score"":48.94},""compression"":{""VC1_atr_ratio"":{""value"":0.4182034282442424,""score"":100},""VC2_range_contraction"":{""value"":0.7896503004613983,""score"":35.05828325643362},""VC3_range_pct_rank"":{""score"":69.16666666666667},""_score"":69.56},""sr_quality"":{""SR1_touches"":{""value"":5,""score"":100},""SR2_tightness"":{""value"":1.0615912584417788,""score"":77.58777074237062},""SR3_recency"":{""value"":225,""score"":0.0},""SR4_price_location"":{""score"":56.09881886350001},""SR5_reaction"":{""value"":3.3814697666001914,""score"":100},""_score"":70.66,""_levels_found"":5,""_target_level"":156.423},""volume"":{""V1_rvol_day"":{""value"":0.43295909112825837,""score"":0},""V2_rvol_sameslot"":{""value"":0.2683647893172472,""score"":0,""status"":""ok""},""V3_breakout_bar"":{""value"":0.48172287952859705,""score"":0},""V4_base_dryup"":{""value"":1.288932392249997,""score"":21.10676077500031},""V5_bo_expansion"":{""value"":0.43295909112825837,""score"":0},""_score"":4.22},""readiness"":{""_distance_atr"":1.493,""BR1_atr_distance"":{""score"":0.49248579029583084},""BR2_compression"":{""score"":88.64275646764163},""BR3_retest"":{""score"":50.0},""BR4_bo_age"":{""score"":50.0},""_score"":39.86},""risk"":{""R1_stop_clarity"":{""score"":55.18995072628765},""R2_stop_distance_pct"":{""value"":2.232393378226715,""score"":100.0},""R3_stop_distance_atr"":{""value"":0.3359434200555704,""score"":41.79717100277852},""R4_rr_potential"":{""value"":9.219167321288275,""score"":100.0},""_score"":75.59},""market"":{""M1_spy_regime"":{""score"":100.0},""M3_earnings_risk"":{""value"":null,""score"":80.0},""M4_vix"":{""value"":null,""score"":60.0},""_score"":84.0},""liquidity"":{""L1_price"":{""value"":142.56,""score"":100.0},""L2_dollar_vol"":{""value"":510180018.4199347,""score"":100.0},""L3_spread_proxy"":{""value"":0.034231200897867534,""score"":65.76879910213248},""L4_volume_zscore"":{""value"":-0.9638222741571296,""score"":100.0},""_score"":96.58},""pattern_structure"":{""left_low"":143.7705,""left_idx"":30,""right_low"":141.5,""right_idx"":75,""separation_bars"":45,""structural_low"":141.5,""current_price"":143.26,""neckline_distance_pct"":0.09381544045790868,""base_bars"":45},""pattern_geometry_features"":{""low_similarity_pct"":0.015918224982954764,""bounce_pct"":0.10742049469964657,""right_bottom_reaction"":0.1652073352056832,""atr_pct"":0.06645146905563566},""_schema_version"":""1.0""}",,,,,,,,,,
20260429T042402Z-4f6251,2026-04-29T04:24:02.652419+00:00,FUBO,vcp,absent,46.52,24.6,46.6,79.0,44.4,4.2,39.4,81.4,84.0,79.4,3.69,11.65,9.47,5.32,0.55,2.76,4.07,5.04,3.97,False,,11.49,13.88,10.8153,36.38,"{""trend"":{""T1_ema_stack"":{""value"":[false,false,false],""score"":0.0},""T2_ema50_slope"":{""value"":-1.2217716670530125,""score"":0},""T3_high_proximity"":{""value"":0.41094420600858367,""score"":0},""T4_rs_1m"":{""value"":0.11576644795337998,""score"":100},""T5_rs_3m"":{""value"":-0.6192844913457791,""score"":0},""T6_adr_healthy"":{""value"":8.33046306263282,""score"":91.73842343417951},""_score"":24.59},""geometry"":{""sub_contraction_count"":100.0,""sub_reduction_rate"":0,""sub_pivot_tightness"":0,""sub_volume_dryup"":77.3,""sub_base_depth"":0.0,""sub_base_duration"":100.0,""_score"":46.59},""compression"":{""VC1_atr_ratio"":{""value"":0.33190952357495884,""score"":100},""VC2_range_contraction"":{""value"":0.757250721028504,""score"":40.458213161916},""VC3_range_pct_rank"":{""score"":99.16666666666667},""_score"":78.95},""sr_quality"":{""SR1_touches"":{""value"":2,""score"":25.0},""SR2_tightness"":{""value"":0.05999999999999961,""score"":86.37182211983071},""SR3_recency"":{""value"":256,""score"":0.0},""SR4_price_location"":{""score"":35.60685951619972},""SR5_reaction"":{""value"":2.044226682025408,""score"":100},""_score"":44.36,""_levels_found"":4,""_target_level"":13.38},""volume"":{""V1_rvol_day"":{""value"":0.46188479037983615,""score"":0},""V2_rvol_sameslot"":{""value"":0.45831054160115947,""score"":0,""status"":""ok""},""V3_breakout_bar"":{""value"":0.6388493763193396,""score"":9.256625087955971},""V4_base_dryup"":{""value"":1.4043523269189702,""score"":9.564767308102986},""V5_bo_expansion"":{""value"":0.46188479037983615,""score"":0},""_score"":4.23},""readiness"":{""_distance_atr"":2.714,""BR1_atr_distance"":{""score"":0},""BR2_compression"":{""score"":87.5902090231368},""BR3_retest"":{""score"":50.0},""BR4_bo_age"":{""score"":50.0},""_score"":39.4},""risk"":{""R1_stop_clarity"":{""score"":62.590651718935085},""R2_stop_distance_pct"":{""value"":5.872062663185376,""score"":100.0},""R3_stop_distance_atr"":{""value"":0.766244301312523,""score"":63.31221506562614},""R4_rr_potential"":{""value"":36.89046983844673,""score"":100.0},""_score"":81.4},""market"":{""M1_spy_regime"":{""score"":100.0},""M3_earnings_risk"":{""value"":null,""score"":80.0},""M4_vix"":{""value"":null,""score"":60.0},""_score"":84.0},""liquidity"":{""L1_price"":{""value"":11.49,""score"":100.0},""L2_dollar_vol"":{""value"":12230019.003737459,""score"":54.37135659348189},""L3_spread_proxy"":{""value"":0.02349869451697124,""score"":76.50130548302876},""L4_volume_zscore"":{""value"":-0.8099060589592251,""score"":100.0},""_score"":79.4},""pattern_structure"":{""n_contractions"":5,""contractions_pct"":[13.26,21.01,13.18,41.52,20.89],""descending_strict"":false,""final_low"":10.98,""final_pivot"":13.88,""structural_low"":10.98,""dry_up_ratio"":0.6135006629396448,""current_price"":11.49,""neckline_distance_pct"":0.20800696257615323,""base_bars"":75},""pattern_geometry_features"":{""contraction_count"":5.0,""first_contraction_pct"":0.13261648745519708,""last_contraction_pct"":0.20893371757925072,""dry_up_ratio"":0.6135006629396448,""near_monotone"":0.0,""base_depth_pct"":0.6720430107526881},""_schema_version"":""1.0""}",,,,,,,,,,
20260429T042402Z-4f6251,2026-04-29T04:24:02.652419+00:00,ARLP,vcp,invalidated,46.52,48.9,41.1,44.4,49.3,46.4,27.8,12.0,84.0,81.0,7.34,10.27,5.33,5.92,6.04,1.94,0.6,5.04,4.05,True,risk_unclear,26.47,29.45,26.9299,27.5999,"{""trend"":{""T1_ema_stack"":{""value"":[true,false,true],""score"":66.66666666666666},""T2_ema50_slope"":{""value"":-0.09701610654256396,""score"":33.83064890957267},""T3_high_proximity"":{""value"":0.9130734736115902,""score"":56.53673680579507},""T4_rs_1m"":{""value"":-0.20930663015916795,""score"":0},""T5_rs_3m"":{""value"":0.06021095849713731,""score"":80.10547924856866},""T6_adr_healthy"":{""value"":2.8691982161189835,""score"":100.0},""_score"":48.93},""geometry"":{""sub_contraction_count"":100.0,""sub_reduction_rate"":0,""sub_pivot_tightness"":40.6,""sub_volume_dryup"":0,""sub_base_depth"":0.0,""sub_base_duration"":100.0,""_score"":41.09},""compression"":{""VC1_atr_ratio"":{""value"":0.5824813378804159,""score"":100},""VC2_range_contraction"":{""value"":0.9604240022212448,""score"":6.5959996297925345},""VC3_range_pct_rank"":{""score"":8.333333333333337},""_score"":44.39},""sr_quality"":{""SR1_touches"":{""value"":4,""score"":75.0},""SR2_tightness"":{""value"":0.2014004142870623,""score"":47.287727727000636},""SR3_recency"":{""value"":240,""score"":0.0},""SR4_price_location"":{""score"":20.679258388122847},""SR5_reaction"":{""value"":1.938395602957535,""score"":96.91978014787675},""_score"":49.3,""_levels_found"":7,""_target_level"":27.3075},""volume"":{""V1_rvol_day"":{""value"":1.6367576455552062,""score"":75.78384303701374},""V2_rvol_sameslot"":{""value"":1.1423957155058382,""score"":42.82638103372254,""status"":""ok""},""V3_breakout_bar"":{""value"":0.7210332784266219,""score"":14.735551895108125},""V4_base_dryup"":{""value"":0.8672824156856475,""score"":63.27175843143525},""V5_bo_expansion"":{""value"":1.6367576455552062,""score"":42.45050970368041},""_score"":46.43},""readiness"":{""_distance_atr"":3.9,""BR1_atr_distance"":{""score"":0},""BR2_compression"":{""score"":40.981921022107684},""BR3_retest"":{""score"":50.0},""BR4_bo_age"":{""score"":50.0},""_score"":27.75},""risk"":{""R1_stop_clarity"":{""score"":0},""R2_stop_distance_pct"":{""value"":-1.7374386097468875,""score"":6.564034756327808},""R3_stop_distance_atr"":{""value"":-0.6018451874631958,""score"":0.0},""R4_rr_potential"":{""value"":null,""score"":50.0},""_score"":11.97},""market"":{""M1_spy_regime"":{""score"":100.0},""M3_earnings_risk"":{""value"":null,""score"":80.0},""M4_vix"":{""value"":null,""score"":60.0},""_score"":84.0},""liquidity"":{""L1_price"":{""value"":26.47,""score"":100.0},""L2_dollar_vol"":{""value"":17896476.48021117,""score"":62.638376700304036},""L3_spread_proxy"":{""value"":0.04004533434076308,""score"":59.95466565923692},""L4_volume_zscore"":{""value"":1.3499005423512713,""score"":100.0},""_score"":81.05},""pattern_structure"":{""n_contractions"":5,""contractions_pct"":[7.22,4.77,4.03,3.09,7.16],""descending_strict"":false,""final_low"":27.34,""final_pivot"":29.45,""structural_low"":27.34,""dry_up_ratio"":1.410681569067243,""current_price"":26.47,""neckline_distance_pct"":0.11258027956176805,""base_bars"":38},""pattern_geometry_features"":{""contraction_count"":5.0,""first_contraction_pct"":0.0721815307239338,""last_contraction_pct"":0.07164685908319184,""dry_up_ratio"":1.410681569067243,""near_monotone"":0.0,""base_depth_pct"":-0.0725816892180825},""_schema_version"":""1.0""}",,,,,,,,,,
20260429T042402Z-4f6251,2026-04-29T04:24:02.652419+00:00,CLBT,vcp,absent,46.46,5.0,47.8,70.5,57.7,20.9,39.2,74.8,84.0,82.7,0.75,11.95,8.46,6.92,2.72,2.74,3.74,5.04,4.14,False,,12.68,13.78,12.2534,15.29,"{""trend"":{""T1_ema_stack"":{""value"":[false,false,false],""score"":0.0},""T2_ema50_slope"":{""value"":-0.443674710046099,""score"":0},""T3_high_proximity"":{""value"":0.7920049968769518,""score"":0},""T4_rs_1m"":{""value"":-0.1432295246201789,""score"":0},""T5_rs_3m"":{""value"":-0.2589770772408967,""score"":0},""T6_adr_healthy"":{""value"":5.049308849454485,""score"":100.0},""_score"":5.0},""geometry"":{""sub_contraction_count"":100.0,""sub_reduction_rate"":0,""sub_pivot_tightness"":4.0,""sub_volume_dryup"":42.6,""sub_base_depth"":58.2,""sub_base_duration"":100.0,""_score"":47.81},""compression"":{""VC1_atr_ratio"":{""value"":0.27581641659311606,""score"":100},""VC2_range_contraction"":{""value"":0.7273108650532669,""score"":45.448189157788846},""VC3_range_pct_rank"":{""score"":58.33333333333333},""_score"":70.49},""sr_quality"":{""SR1_touches"":{""value"":2,""score"":25.0},""SR2_tightness"":{""value"":0.04499999999999993,""score"":87.2598584428716},""SR3_recency"":{""value"":242,""score"":0.0},""SR4_price_location"":{""score"":88.3215369059656},""SR5_reaction"":{""value"":2.6435793731041466,""score"":100},""_score"":57.67,""_levels_found"":8,""_target_level"":12.955},""volume"":{""V1_rvol_day"":{""value"":0.9558790896276526,""score"":30.391939308510167},""V2_rvol_sameslot"":{""value"":0.4909444850295299,""score"":0,""status"":""ok""},""V3_breakout_bar"":{""value"":0.6306998377319496,""score"":8.713322515463307},""V4_base_dryup"":{""value"":0.8660396690524216,""score"":63.39603309475784},""V5_bo_expansion"":{""value"":0.9558790896276526,""score"":0},""_score"":20.94},""readiness"":{""_distance_atr"":1.557,""BR1_atr_distance"":{""score"":0},""BR2_compression"":{""score"":86.70887151733028},""BR3_retest"":{""score"":50.0},""BR4_bo_age"":{""score"":50.0},""_score"":39.18},""risk"":{""R1_stop_clarity"":{""score"":47.170879676440734},""R2_stop_distance_pct"":{""value"":3.364353312302843,""score"":100.0},""R3_stop_distance_atr"":{""value"":0.6038827098078878,""score"":55.194135490394395},""R4_rr_potential"":{""value"":6.118143459915602,""score"":100.0},""_score"":74.79},""market"":{""M1_spy_regime"":{""score"":100.0},""M3_earnings_risk"":{""value"":null,""score"":80.0},""M4_vix"":{""value"":null,""score"":60.0},""_score"":84.0},""liquidity"":{""L1_price"":{""value"":12.68,""score"":100.0},""L2_dollar_vol"":{""value"":20372814.0702874,""score"":65.45255108375305},""L3_spread_proxy"":{""value"":0.034700315457413214,""score"":65.29968454258679},""L4_volume_zscore"":{""value"":-0.07727674081583721,""score"":100.0},""_score"":82.71},""pattern_structure"":{""n_contractions"":5,""contractions_pct"":[6.81,8.12,13.7,25.44,9.72],""descending_strict"":false,""final_low"":12.44,""final_pivot"":13.78,""structural_low"":12.44,""dry_up_ratio"":0.7871007727139637,""current_price"":12.68,""neckline_distance_pct"":0.0867507886435331,""base_bars"":39},""pattern_geometry_features"":{""contraction_count"":5.0,""first_contraction_pct"":0.06810035842293902,""last_contraction_pct"":0.09724238026124818,""dry_up_ratio"":0.7871007727139637,""near_monotone"":0.0,""base_depth_pct"":0.10824372759856629},""_schema_version"":""1.0""}",,,,,,,,,,
20260429T042402Z-4f6251,2026-04-29T04:24:02.652419+00:00,APPF,ascending_triangle,absent,46.41,15.7,49.2,45.0,39.5,46.8,55.7,35.4,84.0,92.6,2.35,13.78,3.6,5.53,5.61,4.46,1.41,5.04,4.63,False,,168.78,175.71,147.2181,201.96,"{""trend"":{""T1_ema_stack"":{""value"":[true,false,false],""score"":33.33333333333333},""T2_ema50_slope"":{""value"":-0.4530448760936863,""score"":0},""T3_high_proximity"":{""value"":0.7742201834862386,""score"":0},""T4_rs_1m"":{""value"":-0.03823313563098418,""score"":11.76686436901582},""T5_rs_3m"":{""value"":-0.24212103346898217,""score"":0},""T6_adr_healthy"":{""value"":4.401218251134691,""score"":100.0},""_score"":15.69},""geometry"":{""sub_flat_top_quality"":66.7,""sub_hl_slope"":47.3,""sub_compression"":0,""sub_duration"":100.0,""_score"":49.2},""compression"":{""VC1_atr_ratio"":{""value"":0.4313782401631773,""score"":100},""VC2_range_contraction"":{""value"":1.03983537568413,""score"":0},""VC3_range_pct_rank"":{""score"":19.999999999999996},""_score"":45.0},""sr_quality"":{""SR1_touches"":{""value"":2,""score"":25.0},""SR2_tightness"":{""value"":0.35999999999999943,""score"":90.81045748058847},""SR3_recency"":{""value"":288,""score"":0.0},""SR4_price_location"":{""score"":13.467656415694588},""SR5_reaction"":{""value"":2.179804156991665,""score"":100},""_score"":39.49,""_levels_found"":5,""_target_level"":209.58},""volume"":{""V1_rvol_day"":{""value"":1.2814824754964422,""score"":52.09883169976281},""V2_rvol_sameslot"":{""value"":1.3282906290230774,""score"":55.21937526820516,""status"":""ok""},""V3_breakout_bar"":{""value"":1.1401353265145513,""score"":42.675688434303424},""V4_base_dryup"":{""value"":0.908865938559556,""score"":59.1134061440444},""V5_bo_expansion"":{""value"":1.2814824754964422,""score"":18.76549836642948},""_score"":46.77},""readiness"":{""_distance_atr"":0.884,""BR1_atr_distance"":{""score"":41.03376883377589},""BR2_compression"":{""score"":87.1362273332385},""BR3_retest"":{""score"":50.0},""BR4_bo_age"":{""score"":50.0},""_score"":55.7},""risk"":{""R1_stop_clarity"":{""score"":42.77212396036424},""R2_stop_distance_pct"":{""value"":12.775151084251693,""score"":0.0},""R3_stop_distance_atr"":{""value"":2.751999956240275,""score"":100.0},""R4_rr_potential"":{""value"":1.5388254281858276,""score"":26.941271409291378},""_score"":35.36},""market"":{""M1_spy_regime"":{""score"":100.0},""M3_earnings_risk"":{""value"":null,""score"":80.0},""M4_vix"":{""value"":null,""score"":60.0},""_score"":84.0},""liquidity"":{""L1_price"":{""value"":168.78,""score"":100.0},""L2_dollar_vol"":{""value"":75213217.06577167,""score"":93.81470824923244},""L3_spread_proxy"":{""value"":0.04959118378954855,""score"":50.40881621045145},""L4_volume_zscore"":{""value"":0.6425788811613041,""score"":100.0},""_score"":92.57},""pattern_structure"":{""top"":175.71,""top_touches"":3,""low_slope_per_bar"":0.21197347549569778,""lowest_low"":149.46,""structural_low"":149.46,""current_price"":169.27,""neckline_distance_pct"":0.03804572576357297,""base_bars"":42},""pattern_geometry_features"":{""top_touches"":3.0,""low_slope"":0.21197347549569778,""compression"":-0.3146741059006375,""atr_pct"":0.0464213346198771},""_schema_version"":""1.0""}",,,,,,,,,,
20260429T042402Z-4f6251,2026-04-29T04:24:02.652419+00:00,CNR,bull_flag,absent,46.34,15.9,35.4,84.6,57.6,24.8,56.6,67.1,84.0,89.9,2.23,10.63,7.61,5.77,3.47,5.09,2.01,5.04,4.49,False,,89.37,91.82,83.7447,100.64,"{""trend"":{""T1_ema_stack"":{""value"":[false,false,true],""score"":33.33333333333333},""T2_ema50_slope"":{""value"":-0.22200443069613712,""score"":12.999261550643809},""T3_high_proximity"":{""value"":0.7892784597721452,""score"":0},""T4_rs_1m"":{""value"":-0.333101643998613,""score"":0},""T5_rs_3m"":{""value"":-0.10109707834306703,""score"":0},""T6_adr_healthy"":{""value"":4.490163147910939,""score"":100.0},""_score"":15.93},""geometry"":{""sub_pole_impulse"":34.1,""sub_flag_tightness"":15.8,""sub_flag_shallowness"":0,""sub_flag_drift"":100,""sub_flag_duration"":62.5,""_score"":35.43},""compression"":{""VC1_atr_ratio"":{""value"":0.3707477656101803,""score"":100},""VC2_range_contraction"":{""value"":0.6574696579978457,""score"":57.08839033369239},""VC3_range_pct_rank"":{""score"":98.33333333333333},""_score"":84.56},""sr_quality"":{""SR1_touches"":{""value"":3,""score"":50.0},""SR2_tightness"":{""value"":0.2926379029145385,""score"":85.42536235929015},""SR3_recency"":{""value"":205,""score"":0.0},""SR4_price_location"":{""score"":59.36330227213269},""SR5_reaction"":{""value"":2.30509427250089,""score"":100},""_score"":57.65,""_levels_found"":6,""_target_level"":91.7511},""volume"":{""V1_rvol_day"":{""value"":0.48457640574031774,""score"":0},""V2_rvol_sameslot"":{""value"":0.4095452797522741,""score"":0,""status"":""ok""},""V3_breakout_bar"":{""value"":1.1312861972228934,""score"":42.08574648152623},""V4_base_dryup"":{""value"":0.7878895598297045,""score"":71.21104401702955},""V5_bo_expansion"":{""value"":0.48457640574031774,""score"":0},""_score"":24.76},""readiness"":{""_distance_atr"":0.61,""BR1_atr_distance"":{""score"":59.326455591130255},""BR2_compression"":{""score"":61.48652328738302},""BR3_retest"":{""score"":50.0},""BR4_bo_age"":{""score"":50.0},""_score"":56.6},""risk"":{""R1_stop_clarity"":{""score"":36.484525080042594},""R2_stop_distance_pct"":{""value"":6.294394091977185,""score"":100.0},""R3_stop_distance_atr"":{""value"":1.4008217716115292,""score"":95.04108858057646},""R4_rr_potential"":{""value"":2.003448704957951,""score"":50.17243524789754},""_score"":67.06},""market"":{""M1_spy_regime"":{""score"":100.0},""M3_earnings_risk"":{""value"":null,""score"":80.0},""M4_vix"":{""value"":null,""score"":60.0},""_score"":84.0},""liquidity"":{""L1_price"":{""value"":89.37,""score"":100.0},""L2_dollar_vol"":{""value"":39040864.24159665,""score"":79.57597115055499},""L3_spread_proxy"":{""value"":0.019469620678079995,""score"":80.53037932192001},""L4_volume_zscore"":{""value"":-1.2995579056288902,""score"":100.0},""_score"":89.88},""pattern_structure"":{""pole_low"":83.0,""pole_low_idx"":12,""peak_price"":91.82,""peak_idx"":36,""pole_gain"":0.10626506024096377,""flag_bars"":23,""flag_low"":85.02,""flag_high"":89.95,""structural_low"":85.02,""current_price"":89.71,""neckline_distance_pct"":0.023520231858209784,""base_bars"":23},""pattern_geometry_features"":{""pole_gain"":0.10626506024096377,""pullback_pct"":0.0740579394467436,""flag_range_pct"":0.05369200609888921,""flag_drift_per_bar"":0.0008721008361153112,""atr_pct"":0.044933582697933135,""pole_atr_multiple"":2.3649362873050355},""_schema_version"":""1.0""}",,,,,,,,,,
20260429T042402Z-4f6251,2026-04-29T04:24:02.652419+00:00,SAIL,double_bottom,forming,46.3,5.0,62.1,53.5,37.6,30.5,35.1,76.6,84.0,81.5,0.75,15.53,4.28,5.27,3.96,2.81,4.59,5.04,4.07,False,,11.52,12.84,11.2487,14.26,"{""trend"":{""T1_ema_stack"":{""value"":[false,false,false],""score"":0.0},""T2_ema50_slope"":{""value"":-0.7747072933065619,""score"":0},""T3_high_proximity"":{""value"":0.6662810873337189,""score"":0},""T4_rs_1m"":{""value"":-0.1436205455719476,""score"":0},""T5_rs_3m"":{""value"":-0.3941285391211987,""score"":0},""T6_adr_healthy"":{""value"":6.514388826781804,""score"":100.0},""_score"":5.0},""geometry"":{""sub_low_similarity"":86.0,""sub_bounce_quality"":100,""sub_separation_fit"":26.7,""sub_right_bottom_reaction"":42.0,""sub_base_context"":30.0,""_score"":62.1},""compression"":{""VC1_atr_ratio"":{""value"":0.3028858605436491,""score"":100},""VC2_range_contraction"":{""value"":0.8437706384637538,""score"":26.038226922707707},""VC3_range_pct_rank"":{""score"":17.500000000000004},""_score"":53.49},""sr_quality"":{""SR1_touches"":{""value"":2,""score"":25.0},""SR2_tightness"":{""value"":0.01499999999999968,""score"":96.32545931758538},""SR3_recency"":{""value"":187,""score"":0.0},""SR4_price_location"":{""score"":4.395604395604307},""SR5_reaction"":{""value"":1.9475065616797904,""score"":97.37532808398952},""_score"":37.65,""_levels_found"":7,""_target_level"":12.825},""volume"":{""V1_rvol_day"":{""value"":0.7934479183921732,""score"":19.563194559478212},""V2_rvol_sameslot"":{""value"":0.7879439801518826,""score"":19.19626534345884,""status"":""ok""},""V3_breakout_bar"":{""value"":1.4665773762279932,""score"":64.43849174853288},""V4_base_dryup"":{""value"":1.1692991141937485,""score"":33.07008858062514},""V5_bo_expansion"":{""value"":0.7934479183921732,""score"":0},""_score"":30.48},""readiness"":{""_distance_atr"":1.617,""BR1_atr_distance"":{""score"":0},""BR2_compression"":{""score"":70.51111838875659},""BR3_retest"":{""score"":50.0},""BR4_bo_age"":{""score"":50.0},""_score"":35.13},""risk"":{""R1_stop_clarity"":{""score"":58.036745406824025},""R2_stop_distance_pct"":{""value"":2.355034722222223,""score"":100.0},""R3_stop_distance_atr"":{""value"":0.33230096237970275,""score"":41.61504811898513},""R4_rr_potential"":{""value"":10.099520825654254,""score"":100.0},""_score"":76.56},""market"":{""M1_spy_regime"":{""score"":100.0},""M3_earnings_risk"":{""value"":null,""score"":80.0},""M4_vix"":{""value"":null,""score"":60.0},""_score"":84.0},""liquidity"":{""L1_price"":{""value"":11.52,""score"":100.0},""L2_dollar_vol"":{""value"":27915550.87366656,""score"":72.2923101227257},""L3_spread_proxy"":{""value"":0.07465277777777773,""score"":25.34722222222227},""L4_volume_zscore"":{""value"":-0.477384985235948,""score"":100.0},""_score"":81.45},""pattern_structure"":{""left_low"":11.5,""left_idx"":34,""right_low"":11.42,""right_idx"":75,""separation_bars"":41,""structural_low"":11.42,""current_price"":11.73,""neckline_distance_pct"":0.09462915601023013,""base_bars"":41},""pattern_geometry_features"":{""low_similarity_pct"":0.006980802792321122,""bounce_pct"":0.1243432574430823,""right_bottom_reaction"":0.4200000000000017,""atr_pct"":0.0708705357142857},""_schema_version"":""1.0""}",,,,,,,,,,
20260429T042402Z-4f6251,2026-04-29T04:24:02.652419+00:00,EXLS,double_bottom,absent,46.24,9.1,40.5,54.5,61.4,45.0,31.1,61.0,84.0,95.1,1.36,10.13,4.36,8.6,5.85,2.49,3.66,5.04,4.76,True,risk_unclear,30.64,32.465,29.8061,34.67,"{""trend"":{""T1_ema_stack"":{""value"":[false,false,false],""score"":0.0},""T2_ema50_slope"":{""value"":-0.17858656910169865,""score"":20.23557181638356},""T3_high_proximity"":{""value"":0.7702362996480644,""score"":0},""T4_rs_1m"":{""value"":-0.09557045229622729,""score"":0},""T5_rs_3m"":{""value"":-0.26656287336019535,""score"":0},""T6_adr_healthy"":{""value"":2.8627804464805435,""score"":100.0},""_score"":9.05},""geometry"":{""sub_low_similarity"":19.4,""sub_bounce_quality"":61.2,""sub_separation_fit"":20.0,""sub_right_bottom_reaction"":89.7,""sub_base_context"":30.0,""_score"":40.52},""compression"":{""VC1_atr_ratio"":{""value"":0.2555263760919632,""score"":100},""VC2_range_contraction"":{""value"":0.8765792626074368,""score"":20.570122898760534},""VC3_range_pct_rank"":{""score"":29.166666666666664},""_score"":54.49},""sr_quality"":{""SR1_touches"":{""value"":4,""score"":75.0},""SR2_tightness"":{""value"":0.20141297748655612,""score"":56.11439645134415},""SR3_recency"":{""value"":235,""score"":0.0},""SR4_price_location"":{""score"":62.036412677006055},""SR5_reaction"":{""value"":2.8443457893016655,""score"":100},""_score"":61.43,""_levels_found"":7,""_target_level"":31.3438},""volume"":{""V1_rvol_day"":{""value"":1.2858073563264545,""score"":52.3871570884303},""V2_rvol_sameslot"":{""value"":1.256486829983207,""score"":50.4324553322138,""status"":""ok""},""V3_breakout_bar"":{""value"":1.2905053667746766,""score"":52.70035778497844},""V4_base_dryup"":{""value"":1.0796677833526207,""score"":42.03322166473793},""V5_bo_expansion"":{""value"":1.2858073563264545,""score"":19.053823755096964},""_score"":45.0},""readiness"":{""_distance_atr"":1.988,""BR1_atr_distance"":{""score"":0},""BR2_compression"":{""score"":54.50395672947172},""BR3_retest"":{""score"":50.0},""BR4_bo_age"":{""score"":50.0},""_score"":31.13},""risk"":{""R1_stop_clarity"":{""score"":1.1003377274211488},""R2_stop_distance_pct"":{""value"":2.7216057441253256,""score"":100.0},""R3_stop_distance_atr"":{""value"":0.9084867632639715,""score"":70.42433816319857},""R4_rr_potential"":{""value"":4.832713754646842,""score"":100.0},""_score"":60.95},""market"":{""M1_spy_regime"":{""score"":100.0},""M3_earnings_risk"":{""value"":null,""score"":80.0},""M4_vix"":{""value"":null,""score"":60.0},""_score"":84.0},""liquidity"":{""L1_price"":{""value"":30.64,""score"":100.0},""L2_dollar_vol"":{""value"":82258856.26153241,""score"":95.75913333624206},""L3_spread_proxy"":{""value"":0.03182114882506532,""score"":68.17885117493468},""L4_volume_zscore"":{""value"":0.9844877762128871,""score"":100.0},""_score"":95.12},""pattern_structure"":{""left_low"":31.505,""left_idx"":31,""right_low"":30.26,""right_idx"":73,""separation_bars"":42,""structural_low"":30.26,""current_price"":30.615,""neckline_distance_pct"":0.06042789482279945,""base_bars"":42},""pattern_geometry_features"":{""low_similarity_pct"":0.04031409374241067,""bounce_pct"":0.07286847323198949,""right_bottom_reaction"":0.8965517241379268,""atr_pct"":0.029957571801566597},""_schema_version"":""1.0""}",,,,,,,,,,
20260429T042402Z-4f6251,2026-04-29T04:24:02.652419+00:00,INOD,vcp,absent,46.15,16.7,38.6,63.7,47.3,31.1,63.8,58.4,84.0,84.1,2.51,9.65,7.64,5.67,4.05,4.46,2.92,5.04,4.2,False,,41.88,42.73,33.9825,73.13,"{""trend"":{""T1_ema_stack"":{""value"":[false,false,false],""score"":0.0},""T2_ema50_slope"":{""value"":-0.2833013121595335,""score"":2.7831146400777413},""T3_high_proximity"":{""value"":0.6558095834638271,""score"":0},""T4_rs_1m"":{""value"":0.005852654849931582,""score"":55.85265484993158},""T5_rs_3m"":{""value"":-0.30922643400066163,""score"":0},""T6_adr_healthy"":{""value"":6.638269007609053,""score"":100.0},""_score"":16.73},""geometry"":{""sub_contraction_count"":100.0,""sub_reduction_rate"":0,""sub_pivot_tightness"":0,""sub_volume_dryup"":24.0,""sub_base_depth"":0.0,""sub_base_duration"":100.0,""_score"":38.6},""compression"":{""VC1_atr_ratio"":{""value"":0.4426772520023947,""score"":100},""VC2_range_contraction"":{""value"":0.876405920035155,""score"":20.599013327474157},""VC3_range_pct_rank"":{""score"":65.83333333333333},""_score"":63.67},""sr_quality"":{""SR1_touches"":{""value"":4,""score"":75.0},""SR2_tightness"":{""value"":0.6918997305188089,""score"":55.50759954130853},""SR3_recency"":{""value"":244,""score"":0.0},""SR4_price_location"":{""score"":5.82913150104311},""SR5_reaction"":{""value"":2.1864695574688753,""score"":100},""_score"":47.28,""_levels_found"":6,""_target_level"":46.5542},""volume"":{""V1_rvol_day"":{""value"":0.7215078938669837,""score"":14.767192924465578},""V2_rvol_sameslot"":{""value"":0.8151756356312555,""score"":21.0117090420837,""status"":""ok""},""V3_breakout_bar"":{""value"":1.0284502999871064,""score"":35.230019999140424},""V4_base_dryup"":{""value"":0.740511331308749,""score"":75.9488668691251},""V5_bo_expansion"":{""value"":0.7215078938669837,""score"":0},""_score"":31.15},""readiness"":{""_distance_atr"":0.273,""BR1_atr_distance"":{""score"":81.78033669631584},""BR2_compression"":{""score"":54.27470572823205},""BR3_retest"":{""score"":50.0},""BR4_bo_age"":{""score"":50.0},""_score"":63.78},""risk"":{""R1_stop_clarity"":{""score"":66.72232084827088},""R2_stop_distance_pct"":{""value"":18.857449856733524,""score"":0.0},""R3_stop_distance_atr"":{""value"":2.5392316048384695,""score"":100.0},""R4_rr_potential"":{""value"":3.9569484013928444,""score"":100.0},""_score"":58.35},""market"":{""M1_spy_regime"":{""score"":100.0},""M3_earnings_risk"":{""value"":null,""score"":80.0},""M4_vix"":{""value"":null,""score"":60.0},""_score"":84.0},""liquidity"":{""L1_price"":{""value"":41.88,""score"":100.0},""L2_dollar_vol"":{""value"":28667428.508100964,""score"":72.86943690608116},""L3_spread_proxy"":{""value"":0.0506208213944603,""score"":49.3791786055397},""L4_volume_zscore"":{""value"":-0.8431929104387947,""score"":100.0},""_score"":84.09},""pattern_structure"":{""n_contractions"":5,""contractions_pct"":[35.41,15.51,10.27,25.44,19.26],""descending_strict"":false,""final_low"":34.5,""final_pivot"":42.73,""structural_low"":34.5,""dry_up_ratio"":0.8799539226918054,""current_price"":41.88,""neckline_distance_pct"":0.020296084049665576,""base_bars"":50},""pattern_geometry_features"":{""contraction_count"":5.0,""first_contraction_pct"":0.3540523882896765,""last_contraction_pct"":0.19260472735782816,""dry_up_ratio"":0.8799539226918054,""near_monotone"":0.0,""base_depth_pct"":0.4684129429892142},""_schema_version"":""1.0""}",,,,,,,,,,
20260429T042402Z-4f6251,2026-04-29T04:24:02.652419+00:00,NTES,double_bottom,absent,46.11,12.7,45.0,56.4,45.9,41.3,46.0,52.9,84.0,95.1,1.91,11.25,4.51,6.42,5.37,3.68,3.18,5.04,4.75,True,risk_unclear,111.76,113.96,108.7933,117.47,"{""trend"":{""T1_ema_stack"":{""value"":[false,false,false],""score"":0.0},""T2_ema50_slope"":{""value"":-0.14753290034270267,""score"":25.41118327621622},""T3_high_proximity"":{""value"":0.8354014052922709,""score"":17.700702646135436},""T4_rs_1m"":{""value"":-0.09949890296533992,""score"":0},""T5_rs_3m"":{""value"":-0.17572733028568543,""score"":0},""T6_adr_healthy"":{""value"":1.6114876765225568,""score"":100.0},""_score"":12.74},""geometry"":{""sub_low_similarity"":52.6,""sub_bounce_quality"":2.5,""sub_separation_fit"":100.0,""sub_right_bottom_reaction"":51.4,""sub_base_context"":30.0,""_score"":44.99},""compression"":{""VC1_atr_ratio"":{""value"":0.6298495285305133,""score"":92.53761786737165},""VC2_range_contraction"":{""value"":0.9005921631118791,""score"":16.567972814686822},""VC3_range_pct_rank"":{""score"":54.16666666666667},""_score"":56.36},""sr_quality"":{""SR1_touches"":{""value"":2,""score"":25.0},""SR2_tightness"":{""value"":0.23000000000000398,""score"":79.47410358565703},""SR3_recency"":{""value"":235,""score"":0.0},""SR4_price_location"":{""score"":48.1277098935751},""SR5_reaction"":{""value"":1.9254183266932283,""score"":96.27091633466142},""_score"":45.89,""_levels_found"":6,""_target_level"":115.05},""volume"":{""V1_rvol_day"":{""value"":0.9982350272521823,""score"":33.215668483478815},""V2_rvol_sameslot"":{""value"":1.4342169134856226,""score"":62.281127565708175,""status"":""ok""},""V3_breakout_bar"":{""value"":0.7829721848297986,""score"":18.86481232198657},""V4_base_dryup"":{""value"":0.6236848849707943,""score"":87.63151150292057},""V5_bo_expansion"":{""value"":0.9982350272521823,""score"":0},""_score"":41.34},""readiness"":{""_distance_atr"":0.982,""BR1_atr_distance"":{""score"":34.55511288180648},""BR2_compression"":{""score"":58.586985908234844},""BR3_retest"":{""score"":50.0},""BR4_bo_age"":{""score"":50.0},""_score"":45.97},""risk"":{""R1_stop_clarity"":{""score"":0},""R2_stop_distance_pct"":{""value"":2.6545722977809634,""score"":100.0},""R3_stop_distance_atr"":{""value"":1.3238087649402404,""score"":91.19043824701201},""R4_rr_potential"":{""value"":1.9246650374989367,""score"":46.23325187494684},""_score"":52.93},""market"":{""M1_spy_regime"":{""score"":100.0},""M3_earnings_risk"":{""value"":null,""score"":80.0},""M4_vix"":{""value"":null,""score"":60.0},""_score"":84.0},""liquidity"":{""L1_price"":{""value"":111.76,""score"":100.0},""L2_dollar_vol"":{""value"":67527353.59799705,""score"":91.47398650103398},""L3_spread_proxy"":{""value"":0.015300644237652055,""score"":84.69935576234795},""L4_volume_zscore"":{""value"":-0.006105029121064961,""score"":100.0},""_score"":95.06},""pattern_structure"":{""left_low"":113.1,""left_idx"":50,""right_low"":110.45,""right_idx"":74,""separation_bars"":24,""structural_low"":110.45,""current_price"":112.03,""neckline_distance_pct"":0.01722752834062298,""base_bars"":24},""pattern_geometry_features"":{""low_similarity_pct"":0.023708342652650337,""bounce_pct"":0.03177908555907642,""right_bottom_reaction"":0.5135135135135109,""atr_pct"":0.020052536046630542},""_schema_version"":""1.0""}",,,,,,,,,,
20260429T042402Z-4f6251,2026-04-29T04:24:02.652419+00:00,RCAT,vcp,invalidated,46.09,15.0,53.2,82.8,33.7,20.4,35.4,35.0,84.0,92.7,2.25,13.29,9.94,4.05,2.66,2.48,1.75,5.04,4.64,False,,11.34,13.875,11.5787,15.95,"{""trend"":{""T1_ema_stack"":{""value"":[false,false,true],""score"":33.33333333333333},""T2_ema50_slope"":{""value"":-0.22470007896764269,""score"":12.54998683872622},""T3_high_proximity"":{""value"":0.6670588235294117,""score"":0},""T4_rs_1m"":{""value"":-0.22805833720924396,""score"":0},""T5_rs_3m"":{""value"":-0.29961711650767575,""score"":0},""T6_adr_healthy"":{""value"":8.662923693601007,""score"":83.42690765997483},""_score"":15.01},""geometry"":{""sub_contraction_count"":100.0,""sub_reduction_rate"":0,""sub_pivot_tightness"":0,""sub_volume_dryup"":54.5,""sub_base_depth"":100.0,""sub_base_duration"":100.0,""_score"":53.17},""compression"":{""VC1_atr_ratio"":{""value"":0.3443198157909606,""score"":100},""VC2_range_contraction"":{""value"":0.6692139348102636,""score"":55.131010864956075},""VC3_range_pct_rank"":{""score"":94.16666666666667},""_score"":82.84},""sr_quality"":{""SR1_touches"":{""value"":2,""score"":25.0},""SR2_tightness"":{""value"":0.2549999999999999,""score"":50.33008925279483},""SR3_recency"":{""value"":247,""score"":0.0},""SR4_price_location"":{""score"":14.687675858187957},""SR5_reaction"":{""value"":3.7008953105760733,""score"":100},""_score"":33.72,""_levels_found"":7,""_target_level"":13.235},""volume"":{""V1_rvol_day"":{""value"":0.5693874114298447,""score"":4.625827428656315},""V2_rvol_sameslot"":{""value"":0.6963890751961118,""score"":13.09260501307412,""status"":""ok""},""V3_breakout_bar"":{""value"":0.8390864379771892,""score"":22.605762531812612},""V4_base_dryup"":{""value"":0.9381144976366548,""score"":56.18855023633452},""V5_bo_expansion"":{""value"":0.5693874114298447,""score"":0},""_score"":20.43},""readiness"":{""_distance_atr"":2.469,""BR1_atr_distance"":{""score"":0},""BR2_compression"":{""score"":71.44584260336389},""BR3_retest"":{""score"":50.0},""BR4_bo_age"":{""score"":50.0},""_score"":35.36},""risk"":{""R1_stop_clarity"":{""score"":65.6547175980354},""R2_stop_distance_pct"":{""value"":-2.104717813051152,""score"":0.0},""R3_stop_distance_atr"":{""value"":-0.23245031269782807,""score"":13.377484365108593},""R4_rr_potential"":{""value"":null,""score"":50.0},""_score"":34.99},""market"":{""M1_spy_regime"":{""score"":100.0},""M3_earnings_risk"":{""value"":null,""score"":80.0},""M4_vix"":{""value"":null,""score"":60.0},""_score"":84.0},""liquidity"":{""L1_price"":{""value"":11.34,""score"":100.0},""L2_dollar_vol"":{""value"":74747193.92952588,""score"":93.67974467671485},""L3_spread_proxy"":{""value"":0.04761904761904755,""score"":52.38095238095245},""L4_volume_zscore"":{""value"":-1.5695784607834085,""score"":100.0},""_score"":92.71},""pattern_structure"":{""n_contractions"":5,""contractions_pct"":[18.76,28.17,29.8,33.89,15.28],""descending_strict"":false,""final_low"":11.755,""final_pivot"":13.875,""structural_low"":11.755,""dry_up_ratio"":0.7276956947691822,""current_price"":11.34,""neckline_distance_pct"":0.22354497354497355,""base_bars"":33},""pattern_geometry_features"":{""contraction_count"":5.0,""first_contraction_pct"":0.18763557483731025,""last_contraction_pct"":0.15279279279279273,""dry_up_ratio"":0.7276956947691822,""near_monotone"":0.0,""base_depth_pct"":0.15003615328994932},""_schema_version"":""1.0""}",,,,,,,,,,
20260429T042402Z-4f6251,2026-04-29T04:24:02.652419+00:00,WAY,vcp,absent,45.97,25.1,38.5,50.3,48.1,39.5,32.2,75.0,84.0,91.8,3.77,9.63,6.04,5.78,5.13,2.25,3.75,5.04,4.59,False,,25.23,27.1721,23.6843,29.4121,"{""trend"":{""T1_ema_stack"":{""value"":[true,false,false],""score"":33.33333333333333},""T2_ema50_slope"":{""value"":-0.20184757882485616,""score"":16.35873686252397},""T3_high_proximity"":{""value"":0.9134685010861694,""score"":56.73425054308468},""T4_rs_1m"":{""value"":-0.05058741048273774,""score"":0},""T5_rs_3m"":{""value"":-0.12924615482770374,""score"":0},""T6_adr_healthy"":{""value"":5.0347576425832266,""score"":100.0},""_score"":25.12},""geometry"":{""sub_contraction_count"":100.0,""sub_reduction_rate"":0,""sub_pivot_tightness"":0,""sub_volume_dryup"":0,""sub_base_depth"":35.2,""sub_base_duration"":100.0,""_score"":38.52},""compression"":{""VC1_atr_ratio"":{""value"":0.4521424958751757,""score"":100},""VC2_range_contraction"":{""value"":0.9516796017601824,""score"":8.053399706636267},""VC3_range_pct_rank"":{""score"":30.000000000000004},""_score"":50.32},""sr_quality"":{""SR1_touches"":{""value"":4,""score"":75.0},""SR2_tightness"":{""value"":0.3259888801784495,""score"":48.221977791663576},""SR3_recency"":{""value"":303,""score"":0.0},""SR4_price_location"":{""score"":13.624349901952462},""SR5_reaction"":{""value"":2.0251297614658084,""score"":100},""_score"":48.14,""_levels_found"":5,""_target_level"":33.6725},""volume"":{""V1_rvol_day"":{""value"":1.0852455929740934,""score"":39.016372864939555},""V2_rvol_sameslot"":{""value"":0.9170941142419595,""score"":27.8062742827973,""status"":""ok""},""V3_breakout_bar"":{""value"":1.2844705965053793,""score"":52.29803976702529},""V4_base_dryup"":{""value"":0.8911986764544677,""score"":60.880132354553226},""V5_bo_expansion"":{""value"":1.0852455929740936,""score"":5.683039531606241},""_score"":39.47},""readiness"":{""_distance_atr"":1.542,""BR1_atr_distance"":{""score"":0},""BR2_compression"":{""score"":58.65804596459142},""BR3_retest"":{""score"":50.0},""BR4_bo_age"":{""score"":50.0},""_score"":32.16},""risk"":{""R1_stop_clarity"":{""score"":42.71265280653478},""R2_stop_distance_pct"":{""value"":6.126337693222352,""score"":100.0},""R3_stop_distance_atr"":{""value"":1.227526448648495,""score"":86.37632243242474},""R4_rr_potential"":{""value"":2.7056787487667204,""score"":85.28393743833603},""_score"":74.96},""market"":{""M1_spy_regime"":{""score"":100.0},""M3_earnings_risk"":{""value"":null,""score"":80.0},""M4_vix"":{""value"":null,""score"":60.0},""_score"":84.0},""liquidity"":{""L1_price"":{""value"":25.23,""score"":100.0},""L2_dollar_vol"":{""value"":65687318.00730792,""score"":90.87407650608009},""L3_spread_proxy"":{""value"":0.04538248117320648,""score"":54.61751882679352},""L4_volume_zscore"":{""value"":0.2601139309155985,""score"":100.0},""_score"":91.81},""pattern_structure"":{""n_contractions"":5,""contractions_pct"":[9.23,14.76,10.64,15.28,11.51],""descending_strict"":false,""final_low"":24.045,""final_pivot"":27.1721,""structural_low"":24.045,""dry_up_ratio"":1.1285738977813062,""current_price"":25.23,""neckline_distance_pct"":0.07697582243361077,""base_bars"":44},""pattern_geometry_features"":{""contraction_count"":5.0,""first_contraction_pct"":0.09225794179189654,""last_contraction_pct"":0.11508495846842896,""dry_up_ratio"":1.1285738977813062,""near_monotone"":0.0,""base_depth_pct"":0.08521970705725693},""_schema_version"":""1.0""}",,,,,,,,,,
20260429T042402Z-4f6251,2026-04-29T04:24:02.652419+00:00,HLNE,vcp,absent,45.86,5.0,46.2,44.6,69.7,38.4,28.6,61.7,84.0,94.2,0.75,11.56,5.35,8.37,4.99,2.0,3.09,5.04,4.71,False,,90.75,102.33,90.1472,166.47,"{""trend"":{""T1_ema_stack"":{""value"":[false,false,false],""score"":0.0},""T2_ema50_slope"":{""value"":-0.3571984504382395,""score"":0},""T3_high_proximity"":{""value"":0.6105355220667384,""score"":0},""T4_rs_1m"":{""value"":-0.1647985906336894,""score"":0},""T5_rs_3m"":{""value"":-0.40745416794936085,""score"":0},""T6_adr_healthy"":{""value"":5.060222631282594,""score"":100.0},""_score"":5.0},""geometry"":{""sub_contraction_count"":100.0,""sub_reduction_rate"":45.0,""sub_pivot_tightness"":0,""sub_volume_dryup"":0,""sub_base_depth"":0.0,""sub_base_duration"":100.0,""_score"":46.25},""compression"":{""VC1_atr_ratio"":{""value"":0.462428446621243,""score"":100},""VC2_range_contraction"":{""value"":1.2673940980824814,""score"":0},""VC3_range_pct_rank"":{""score"":18.333333333333336},""_score"":44.58},""sr_quality"":{""SR1_touches"":{""value"":4,""score"":75.0},""SR2_tightness"":{""value"":1.0841817190858722,""score"":59.765290743002744},""SR3_recency"":{""value"":232,""score"":0.0},""SR4_price_location"":{""score"":93.0417495029821},""SR5_reaction"":{""value"":2.352584493041751,""score"":100},""_score"":69.73,""_levels_found"":5,""_target_level"":92.0},""volume"":{""V1_rvol_day"":{""value"":1.76557814447782,""score"":84.37187629852133},""V2_rvol_sameslot"":{""value"":1.535302327584136,""score"":69.02015517227574,""status"":""ok""},""V3_breakout_bar"":{""value"":0.5052242328031176,""score"":0.3482821868745045},""V4_base_dryup"":{""value"":1.5946024499374183,""score"":0},""V5_bo_expansion"":{""value"":1.76557814447782,""score"":51.03854296518801},""_score"":38.42},""readiness"":{""_distance_atr"":2.149,""BR1_atr_distance"":{""score"":0},""BR2_compression"":{""score"":44.34714754831245},""BR3_retest"":{""score"":50.0},""BR4_bo_age"":{""score"":50.0},""_score"":28.59},""risk"":{""R1_stop_clarity"":{""score"":49.054473161033854},""R2_stop_distance_pct"":{""value"":0.6642424242424265,""score"":66.60606060606067},""R3_stop_distance_atr"":{""value"":0.1118515573227307,""score"":30.592577866136537},""R4_rr_potential"":{""value"":125.6138022561376,""score"":100.0},""_score"":61.74},""market"":{""M1_spy_regime"":{""score"":100.0},""M3_earnings_risk"":{""value"":null,""score"":80.0},""M4_vix"":{""value"":null,""score"":60.0},""_score"":84.0},""liquidity"":{""L1_price"":{""value"":90.75,""score"":100.0},""L2_dollar_vol"":{""value"":138639796.940832,""score"":100.0},""L3_spread_proxy"":{""value"":0.05785123966942149,""score"":42.14876033057851},""L4_volume_zscore"":{""value"":1.1196973413884748,""score"":100.0},""_score"":94.21},""pattern_structure"":{""n_contractions"":5,""contractions_pct"":[37.04,15.81,10.53,11.24,10.56],""descending_strict"":false,""final_low"":91.52,""final_pivot"":102.33,""structural_low"":91.52,""dry_up_ratio"":1.4294951897410613,""current_price"":90.75,""neckline_distance_pct"":0.12760330578512394,""base_bars"":58},""pattern_geometry_features"":{""contraction_count"":5.0,""first_contraction_pct"":0.37042271617628164,""last_contraction_pct"":0.10563862015049352,""dry_up_ratio"":1.4294951897410613,""near_monotone"":0.0,""base_depth_pct"":0.4120519080046255},""_schema_version"":""1.0""}",,,,,,,,,,
20260429T042402Z-4f6251,2026-04-29T04:24:02.652419+00:00,HQY,vcp,absent,45.69,38.2,39.3,34.9,59.9,26.7,34.0,65.4,84.0,92.0,5.74,9.82,4.19,7.18,3.48,2.38,3.27,5.04,4.6,False,,81.18,87.971,75.8154,90.7485,"{""trend"":{""T1_ema_stack"":{""value"":[false,true,false],""score"":33.33333333333333},""T2_ema50_slope"":{""value"":0.026600854997287288,""score"":54.433475832881214},""T3_high_proximity"":{""value"":0.9323532789709431,""score"":66.17663948547154},""T4_rs_1m"":{""value"":-0.1384993620424828,""score"":0},""T5_rs_3m"":{""value"":-0.04545626430069705,""score"":27.27186784965148},""T6_adr_healthy"":{""value"":4.131836738845316,""score"":100.0},""_score"":38.24},""geometry"":{""sub_contraction_count"":100.0,""sub_reduction_rate"":0,""sub_pivot_tightness"":0,""sub_volume_dryup"":28.7,""sub_base_depth"":0.0,""sub_base_duration"":100.0,""_score"":39.3},""compression"":{""VC1_atr_ratio"":{""value"":0.6906707408744723,""score"":77.33231478138191},""VC2_range_contraction"":{""value"":1.116381069354449,""score"":0},""VC3_range_pct_rank"":{""score"":15.833333333333332},""_score"":34.89},""sr_quality"":{""SR1_touches"":{""value"":6,""score"":100},""SR2_tightness"":{""value"":0.9883646004047968,""score"":45.41996017794621},""SR3_recency"":{""value"":237,""score"":0.0},""SR4_price_location"":{""score"":34.52262966633648},""SR5_reaction"":{""value"":1.9219251379085243,""score"":96.09625689542621},""_score"":59.86,""_levels_found"":6,""_target_level"":83.6575},""volume"":{""V1_rvol_day"":{""value"":0.8850514956540965,""score"":25.6700997102731},""V2_rvol_sameslot"":{""value"":0.7606180430339565,""score"":17.37453620226377,""status"":""ok""},""V3_breakout_bar"":{""value"":0.9439709713663708,""score"":29.598064757758053},""V4_base_dryup"":{""value"":0.9635471117348058,""score"":53.64528882651942},""V5_bo_expansion"":{""value"":0.8850514956540967,""score"":0},""_score"":26.74},""readiness"":{""_distance_atr"":1.875,""BR1_atr_distance"":{""score"":0},""BR2_compression"":{""score"":65.89903512101485},""BR3_retest"":{""score"":50.0},""BR4_bo_age"":{""score"":50.0},""_score"":33.97},""risk"":{""R1_stop_clarity"":{""score"":36.242774224467865},""R2_stop_distance_pct"":{""value"":6.608216309435831,""score"":100.0},""R3_stop_distance_atr"":{""value"":1.4812213656148772,""score"":99.06106828074385},""R4_rr_potential"":{""value"":1.7836538013440055,""score"":39.18269006720028},""_score"":65.38},""market"":{""M1_spy_regime"":{""score"":100.0},""M3_earnings_risk"":{""value"":null,""score"":80.0},""M4_vix"":{""value"":null,""score"":60.0},""_score"":84.0},""liquidity"":{""L1_price"":{""value"":81.18,""score"":100.0},""L2_dollar_vol"":{""value"":70164906.86750886,""score"":92.30599765456246},""L3_spread_proxy"":{""value"":0.04915003695491494,""score"":50.84996304508506},""L4_volume_zscore"":{""value"":-0.5701392344817563,""score"":100.0},""_score"":92.01},""pattern_structure"":{""n_contractions"":5,""contractions_pct"":[7.19,10.83,5.17,10.7,12.51],""descending_strict"":false,""final_low"":76.97,""final_pivot"":87.971,""structural_low"":76.97,""dry_up_ratio"":0.8562551341597152,""current_price"":81.18,""neckline_distance_pct"":0.08365360926336532,""base_bars"":43},""pattern_geometry_features"":{""contraction_count"":5.0,""first_contraction_pct"":0.07194582902285335,""last_contraction_pct"":0.12505257414375195,""dry_up_ratio"":0.8562551341597152,""near_monotone"":0.0,""base_depth_pct"":0.034828678014984835},""_schema_version"":""1.0""}",,,,,,,,,,
20260429T042402Z-4f6251,2026-04-29T04:24:02.652419+00:00,ADSK,double_bottom,absent,45.48,15.0,45.5,48.7,50.2,34.5,31.2,68.9,84.0,95.8,2.25,11.36,3.9,7.03,4.48,2.49,4.13,5.04,4.79,False,,234.85,250.91,228.7372,269.5995,"{""trend"":{""T1_ema_stack"":{""value"":[false,false,false],""score"":0.0},""T2_ema50_slope"":{""value"":-0.16957808439195626,""score"":21.736985934673953},""T3_high_proximity"":{""value"":0.8752282637051392,""score"":37.614131852569564},""T4_rs_1m"":{""value"":-0.10058233140737505,""score"":0},""T5_rs_3m"":{""value"":-0.1472811430779183,""score"":0},""T6_adr_healthy"":{""value"":3.4586872955520223,""score"":100.0},""_score"":14.99},""geometry"":{""sub_low_similarity"":23.7,""sub_bounce_quality"":72.1,""sub_separation_fit"":53.3,""sub_right_bottom_reaction"":66.2,""sub_base_context"":30.0,""_score"":45.45},""compression"":{""VC1_atr_ratio"":{""value"":0.44622118043876025,""score"":100},""VC2_range_contraction"":{""value"":0.9149478269307151,""score"":14.175362178214154},""VC3_range_pct_rank"":{""score"":15.000000000000002},""_score"":48.71},""sr_quality"":{""SR1_touches"":{""value"":4,""score"":75.0},""SR2_tightness"":{""value"":3.0548690642971903,""score"":38.74922928396305},""SR3_recency"":{""value"":226,""score"":0.0},""SR4_price_location"":{""score"":27.717999483515417},""SR5_reaction"":{""value"":2.6922396372630324,""score"":100},""_score"":50.24,""_levels_found"":6,""_target_level"":248.845},""volume"":{""V1_rvol_day"":{""value"":0.8918331283707376,""score"":26.12220855804917},""V2_rvol_sameslot"":{""value"":0.9453125830971332,""score"":29.68750553980888,""status"":""ok""},""V3_breakout_bar"":{""value"":1.033838103304268,""score"":35.5892068869512},""V4_base_dryup"":{""value"":0.7796510463358631,""score"":72.03489536641368},""V5_bo_expansion"":{""value"":0.8918331283707378,""score"":0},""_score"":34.47},""readiness"":{""_distance_atr"":1.61,""BR1_atr_distance"":{""score"":0},""BR2_compression"":{""score"":54.67215296079853},""BR3_retest"":{""score"":50.0},""BR4_bo_age"":{""score"":50.0},""_score"":31.17},""risk"":{""R1_stop_clarity"":{""score"":30.158948051334377},""R2_stop_distance_pct"":{""value"":2.6028560783478825,""score"":100.0},""R3_stop_distance_atr"":{""value"":0.6128154148890007,""score"":55.64077074445004},""R4_rr_potential"":{""value"":5.684703796087154,""score"":100.0},""_score"":68.9},""market"":{""M1_spy_regime"":{""score"":100.0},""M3_earnings_risk"":{""value"":null,""score"":80.0},""M4_vix"":{""value"":null,""score"":60.0},""_score"":84.0},""liquidity"":{""L1_price"":{""value"":234.85,""score"":100.0},""L2_dollar_vol"":{""value"":400613644.7206817,""score"":100.0},""L3_spread_proxy"":{""value"":0.04159889291036842,""score"":58.40110708963158},""L4_volume_zscore"":{""value"":-0.34077142924714254,""score"":100.0},""_score"":95.84},""pattern_structure"":{""left_low"":241.25,""left_idx"":38,""right_low"":232.2205,""right_idx"":75,""separation_bars"":37,""structural_low"":232.2205,""current_price"":234.26,""neckline_distance_pct"":0.07107487407154446,""base_bars"":37},""pattern_geometry_features"":{""low_similarity_pct"":0.038141763848011705,""bounce_pct"":0.08048169735230098,""right_bottom_reaction"":0.6615647875273315,""atr_pct"":0.04247373703579793},""_schema_version"":""1.0""}",,,,,,,,,,
20260429T042402Z-4f6251,2026-04-29T04:24:02.652419+00:00,HQY,bull_flag,absent,45.25,38.2,37.0,34.9,59.9,28.7,43.6,68.9,84.0,92.0,5.35,11.11,3.14,5.99,4.02,3.93,2.07,5.04,4.6,False,,81.18,85.3,79.46,93.13,"{""trend"":{""T1_ema_stack"":{""value"":[false,true,false],""score"":33.33333333333333},""T2_ema50_slope"":{""value"":0.026600854997287288,""score"":54.433475832881214},""T3_high_proximity"":{""value"":0.9323532789709431,""score"":66.17663948547154},""T4_rs_1m"":{""value"":-0.1384993620424828,""score"":0},""T5_rs_3m"":{""value"":-0.04545626430069705,""score"":27.27186784965148},""T6_adr_healthy"":{""value"":4.131836738845316,""score"":100.0},""_score"":38.24},""geometry"":{""sub_pole_impulse"":31.6,""sub_flag_tightness"":22.9,""sub_flag_shallowness"":0,""sub_flag_drift"":79.0,""sub_flag_duration"":100.0,""_score"":37.05},""compression"":{""VC1_atr_ratio"":{""value"":0.6906707408744723,""score"":77.33231478138191},""VC2_range_contraction"":{""value"":1.116381069354449,""score"":0},""VC3_range_pct_rank"":{""score"":15.833333333333332},""_score"":34.89},""sr_quality"":{""SR1_touches"":{""value"":6,""score"":100},""SR2_tightness"":{""value"":0.9883646004047968,""score"":45.41996017794621},""SR3_recency"":{""value"":237,""score"":0.0},""SR4_price_location"":{""score"":34.52262966633648},""SR5_reaction"":{""value"":1.9219251379085243,""score"":96.09625689542621},""_score"":59.86,""_levels_found"":6,""_target_level"":83.6575},""volume"":{""V1_rvol_day"":{""value"":0.8850514956540965,""score"":25.6700997102731},""V2_rvol_sameslot"":{""value"":0.7606180430339565,""score"":17.37453620226377,""status"":""ok""},""V3_breakout_bar"":{""value"":0.9439709713663708,""score"":29.598064757758053},""V4_base_dryup"":{""value"":0.8638036474674702,""score"":63.61963525325298},""V5_bo_expansion"":{""value"":0.8850514956540967,""score"":0},""_score"":28.73},""readiness"":{""_distance_atr"":1.138,""BR1_atr_distance"":{""score"":24.160994847865197},""BR2_compression"":{""score"":65.89903512101485},""BR3_retest"":{""score"":50.0},""BR4_bo_age"":{""score"":50.0},""_score"":43.64},""risk"":{""R1_stop_clarity"":{""score"":33.17792122499473},""R2_stop_distance_pct"":{""value"":2.1188100517368817,""score"":100.0},""R3_stop_distance_atr"":{""value"":0.4749279641211036,""score"":48.746398206055176},""R4_rr_potential"":{""value"":6.947472457196003,""score"":100.0},""_score"":68.92},""market"":{""M1_spy_regime"":{""score"":100.0},""M3_earnings_risk"":{""value"":null,""score"":80.0},""M4_vix"":{""value"":null,""score"":60.0},""_score"":84.0},""liquidity"":{""L1_price"":{""value"":81.18,""score"":100.0},""L2_dollar_vol"":{""value"":70164906.86750886,""score"":92.30599765456246},""L3_spread_proxy"":{""value"":0.04915003695491494,""score"":50.84996304508506},""L4_volume_zscore"":{""value"":-0.5701392344817563,""score"":100.0},""_score"":92.01},""pattern_structure"":{""pole_low"":77.47,""pole_low_idx"":42,""peak_price"":85.3,""peak_idx"":49,""pole_gain"":0.10107138247063377,""flag_bars"":10,""flag_low"":80.67,""flag_high"":84.66,""structural_low"":80.67,""current_price"":81.265,""neckline_distance_pct"":0.04965237186980861,""base_bars"":10},""pattern_geometry_features"":{""pole_gain"":0.10107138247063377,""pullback_pct"":0.0542790152403282,""flag_range_pct"":0.046776084407971805,""flag_drift_per_bar"":-0.004190555030399966,""atr_pct"":0.04461329321085415,""pole_atr_multiple"":2.2654992536180605},""_schema_version"":""1.0""}",,,,,,,,,,
20260429T042402Z-4f6251,2026-04-29T04:24:02.652419+00:00,STEP,vcp,setup,45.24,35.8,40.5,48.1,45.9,12.2,67.1,53.0,84.0,89.8,5.37,10.12,5.77,5.51,1.59,4.69,2.65,5.04,4.49,False,,51.73,51.45,44.4629,84.105,"{""trend"":{""T1_ema_stack"":{""value"":[true,false,false],""score"":33.33333333333333},""T2_ema50_slope"":{""value"":-0.01576600547165005,""score"":47.37233242139166},""T3_high_proximity"":{""value"":0.7067905451564421,""score"":0},""T4_rs_1m"":{""value"":0.014792901285298088,""score"":64.79290128529809},""T5_rs_3m"":{""value"":-0.31717772404913847,""score"":0},""T6_adr_healthy"":{""value"":4.96358484286412,""score"":100.0},""_score"":35.77},""geometry"":{""sub_contraction_count"":100.0,""sub_reduction_rate"":22.0,""sub_pivot_tightness"":0,""sub_volume_dryup"":0,""sub_base_depth"":0.0,""sub_base_duration"":100.0,""_score"":40.5},""compression"":{""VC1_atr_ratio"":{""value"":0.4266561279728566,""score"":100},""VC2_range_contraction"":{""value"":1.0597177333153491,""score"":0},""VC3_range_pct_rank"":{""score"":32.49999999999999},""_score"":48.12},""sr_quality"":{""SR1_touches"":{""value"":3,""score"":50.0},""SR2_tightness"":{""value"":0.8365404951345744,""score"":39.95592435825753},""SR3_recency"":{""value"":226,""score"":0.0},""SR4_price_location"":{""score"":39.64686998394859},""SR5_reaction"":{""value"":3.1922665784839226,""score"":100},""_score"":45.91,""_levels_found"":6,""_target_level"":56.9},""volume"":{""V1_rvol_day"":{""value"":1.0187653385241695,""score"":34.5843559016113},""V2_rvol_sameslot"":{""value"":0.7825223391223869,""score"":18.834822608159126,""status"":""ok""},""V3_breakout_bar"":{""value"":0.5806076536297256,""score"":5.373843575315037},""V4_base_dryup"":{""value"":1.9496104769693214,""score"":0},""V5_bo_expansion"":{""value"":1.0187653385241695,""score"":1.2510225682779672},""_score"":12.21},""readiness"":{""_distance_atr"":-0.1,""BR1_atr_distance"":{""score"":100.0},""BR2_compression"":{""score"":38.23399017691846},""BR3_retest"":{""score"":50.0},""BR4_bo_age"":{""score"":50.0},""_score"":67.06},""risk"":{""R1_stop_clarity"":{""score"":51.40002922335076},""R2_stop_distance_pct"":{""value"":14.048134544751594,""score"":0.0},""R3_stop_distance_atr"":{""value"":2.6080405230467147,""score"":100.0},""R4_rr_potential"":{""value"":4.455009563649876,""score"":100.0},""_score"":52.99},""market"":{""M1_spy_regime"":{""score"":100.0},""M3_earnings_risk"":{""value"":null,""score"":80.0},""M4_vix"":{""value"":null,""score"":60.0},""_score"":84.0},""liquidity"":{""L1_price"":{""value"":51.73,""score"":100.0},""L2_dollar_vol"":{""value"":52854167.189659916,""score"":86.15396170717489},""L3_spread_proxy"":{""value"":0.04620143050454283,""score"":53.798569495457166},""L4_volume_zscore"":{""value"":0.05481363805155067,""score"":100.0},""_score"":89.84},""pattern_structure"":{""n_contractions"":5,""contractions_pct"":[43.9,9.9,9.28,7.96,12.26],""descending_strict"":false,""final_low"":45.14,""final_pivot"":51.45,""structural_low"":45.14,""dry_up_ratio"":1.006339778015566,""current_price"":51.73,""neckline_distance_pct"":-0.005412719891745487,""base_bars"":57},""pattern_geometry_features"":{""contraction_count"":5.0,""first_contraction_pct"":0.43903849861816313,""last_contraction_pct"":0.12264334305150636,""dry_up_ratio"":1.006339778015566,""near_monotone"":0.0,""base_depth_pct"":0.41975705379523104},""_schema_version"":""1.0""}",,,,,,,,,,
20260429T042402Z-4f6251,2026-04-29T04:24:02.652419+00:00,AVAV,vcp,absent,45.18,5.0,36.2,59.6,67.5,21.1,60.7,66.1,84.0,96.1,0.75,9.05,7.15,8.1,2.74,4.25,3.3,5.04,4.81,False,,192.34,197.04,172.109,343.35,"{""trend"":{""T1_ema_stack"":{""value"":[false,false,false],""score"":0.0},""T2_ema50_slope"":{""value"":-0.6098382441277997,""score"":0},""T3_high_proximity"":{""value"":0.6266371277774158,""score"":0},""T4_rs_1m"":{""value"":-0.07949120283273281,""score"":0},""T5_rs_3m"":{""value"":-0.401979495399994,""score"":0},""T6_adr_healthy"":{""value"":5.630068144650515,""score"":100.0},""_score"":5.0},""geometry"":{""sub_contraction_count"":100.0,""sub_reduction_rate"":0.7,""sub_pivot_tightness"":0,""sub_volume_dryup"":6.8,""sub_base_depth"":0.0,""sub_base_duration"":100.0,""_score"":36.2},""compression"":{""VC1_atr_ratio"":{""value"":0.37165679175011895,""score"":100},""VC2_range_contraction"":{""value"":1.1046421678004457,""score"":0},""VC3_range_pct_rank"":{""score"":78.33333333333333},""_score"":59.58},""sr_quality"":{""SR1_touches"":{""value"":4,""score"":75.0},""SR2_tightness"":{""value"":2.090554651282762,""score"":65.7281507678866},""SR3_recency"":{""value"":235,""score"":0.0},""SR4_price_location"":{""score"":80.44491031912419},""SR5_reaction"":{""value"":3.4910306169228282,""score"":100},""_score"":67.47,""_levels_found"":8,""_target_level"":196.5375},""volume"":{""V1_rvol_day"":{""value"":0.7997002856373342,""score"":19.980019042488948},""V2_rvol_sameslot"":{""value"":0.757112059231196,""score"":17.140803948746395,""status"":""ok""},""V3_breakout_bar"":{""value"":0.8964685056386508,""score"":26.431233709243386},""V4_base_dryup"":{""value"":1.1481894791057596,""score"":35.18105208942404},""V5_bo_expansion"":{""value"":0.7997002856373342,""score"":0},""_score"":21.07},""readiness"":{""_distance_atr"":0.385,""BR1_atr_distance"":{""score"":74.31659403688306},""BR2_compression"":{""score"":53.82499739184059},""BR3_retest"":{""score"":50.0},""BR4_bo_age"":{""score"":50.0},""_score"":60.68},""risk"":{""R1_stop_clarity"":{""score"":57.03302796232043},""R2_stop_distance_pct"":{""value"":10.518326921077263,""score"":37.04182697306844},""R3_stop_distance_atr"":{""value"":1.6582969208601765,""score"":100.0},""R4_rr_potential"":{""value"":7.4643059273044505,""score"":100.0},""_score"":66.07},""market"":{""M1_spy_regime"":{""score"":100.0},""M3_earnings_risk"":{""value"":null,""score"":80.0},""M4_vix"":{""value"":null,""score"":60.0},""_score"":84.0},""liquidity"":{""L1_price"":{""value"":192.34,""score"":100.0},""L2_dollar_vol"":{""value"":168203058.1874021,""score"":100.0},""L3_spread_proxy"":{""value"":0.038915462202349926,""score"":61.08453779765007},""L4_volume_zscore"":{""value"":-0.5219205895146236,""score"":100.0},""_score"":96.11},""pattern_structure"":{""n_contractions"":5,""contractions_pct"":[27.11,15.88,34.2,13.09,11.32],""descending_strict"":false,""final_low"":174.73,""final_pivot"":197.04,""structural_low"":174.73,""dry_up_ratio"":0.9660005497789002,""current_price"":192.34,""neckline_distance_pct"":0.024435894769678633,""base_bars"":50},""pattern_geometry_features"":{""contraction_count"":5.0,""first_contraction_pct"":0.2711188636929978,""last_contraction_pct"":0.11322574096630128,""dry_up_ratio"":0.9660005497789002,""near_monotone"":0.0,""base_depth_pct"":0.45573760279092956},""_schema_version"":""1.0""}",,,,,,,,,,
20260429T042402Z-4f6251,2026-04-29T04:24:02.652419+00:00,EXE,double_bottom,absent,45.17,8.8,38.5,82.9,56.0,19.3,53.4,50.6,84.0,98.2,1.32,9.62,6.63,7.83,2.51,4.27,3.03,5.04,4.91,True,risk_unclear,96.96,98.77,94.4128,101.6894,"{""trend"":{""T1_ema_stack"":{""value"":[false,false,false],""score"":0.0},""T2_ema50_slope"":{""value"":-0.31109360930142677,""score"":0},""T3_high_proximity"":{""value"":0.8511235955056179,""score"":25.561797752808925},""T4_rs_1m"":{""value"":-0.26810697601745426,""score"":0},""T5_rs_3m"":{""value"":-0.13228024867197186,""score"":0},""T6_adr_healthy"":{""value"":2.551121461602475,""score"":100.0},""_score"":8.83},""geometry"":{""sub_low_similarity"":94.8,""sub_bounce_quality"":0.7,""sub_separation_fit"":0.0,""sub_right_bottom_reaction"":25.9,""sub_base_context"":30.0,""_score"":38.46},""compression"":{""VC1_atr_ratio"":{""value"":0.24316071993619418,""score"":100},""VC2_range_contraction"":{""value"":0.6648213901419,""score"":55.86310164301666},""VC3_range_pct_rank"":{""score"":93.33333333333333},""_score"":82.89},""sr_quality"":{""SR1_touches"":{""value"":2,""score"":25.0},""SR2_tightness"":{""value"":0.125,""score"":89.18688562008097},""SR3_recency"":{""value"":269,""score"":0.0},""SR4_price_location"":{""score"":80.34175805730719},""SR5_reaction"":{""value"":5.834756519404315,""score"":100},""_score"":55.96,""_levels_found"":6,""_target_level"":98.475},""volume"":{""V1_rvol_day"":{""value"":0.8047346714535224,""score"":20.315644763568162},""V2_rvol_sameslot"":{""value"":0.6229446870382895,""score"":8.196312469219302,""status"":""ok""},""V3_breakout_bar"":{""value"":0.7907260437291054,""score"":19.381736248607027},""V4_base_dryup"":{""value"":1.0630395488356625,""score"":43.696045116433744},""V5_bo_expansion"":{""value"":0.8047346714535224,""score"":0},""_score"":19.29},""readiness"":{""_distance_atr"":0.783,""BR1_atr_distance"":{""score"":47.80870125959073},""BR2_compression"":{""score"":66.99202751491501},""BR3_retest"":{""score"":50.0},""BR4_bo_age"":{""score"":50.0},""_score"":53.37},""risk"":{""R1_stop_clarity"":{""score"":0},""R2_stop_distance_pct"":{""value"":2.6270204207920727,""score"":100.0},""R3_stop_distance_atr"":{""value"":1.1017088644336046,""score"":80.08544322168024},""R4_rr_potential"":{""value"":1.8567352882171904,""score"":42.836764410859516},""_score"":50.58},""market"":{""M1_spy_regime"":{""score"":100.0},""M3_earnings_risk"":{""value"":null,""score"":80.0},""M4_vix"":{""value"":null,""score"":60.0},""_score"":84.0},""liquidity"":{""L1_price"":{""value"":96.96,""score"":100.0},""L2_dollar_vol"":{""value"":260132148.29209822,""score"":100.0},""L3_spread_proxy"":{""value"":0.018151815181518205,""score"":81.8481848184818},""L4_volume_zscore"":{""value"":-0.8970949170722291,""score"":100.0},""_score"":98.18},""pattern_structure"":{""left_low"":95.8506,""left_idx"":25,""right_low"":96.1,""right_idx"":71,""separation_bars"":46,""structural_low"":95.8506,""current_price"":97.465,""neckline_distance_pct"":0.013389421843738702,""base_bars"":46},""pattern_geometry_features"":{""low_similarity_pct"":0.002598585260999385,""bounce_pct"":0.030457816643818567,""right_bottom_reaction"":0.25925925925926835,""atr_pct"":0.023844960366572344},""_schema_version"":""1.0""}",,,,,,,,,,
20260429T042402Z-4f6251,2026-04-29T04:24:02.652419+00:00,OMCL,vcp,breakout_confirmed,45.12,49.0,35.0,24.8,44.0,71.7,17.5,19.4,84.0,84.1,7.35,8.75,2.97,5.28,9.33,1.23,0.97,5.04,4.2,False,,45.51,35.62,31.2737,58.87,"{""trend"":{""T1_ema_stack"":{""value"":[true,false,false],""score"":33.33333333333333},""T2_ema50_slope"":{""value"":-0.11620703703360347,""score"":30.63216049439942},""T3_high_proximity"":{""value"":0.9270727235689549,""score"":63.536361784477414},""T4_rs_1m"":{""value"":0.26723821683992877,""score"":100},""T5_rs_3m"":{""value"":-0.11236418716994911,""score"":0},""T6_adr_healthy"":{""value"":4.347872223904132,""score"":100.0},""_score"":48.99},""geometry"":{""sub_contraction_count"":100.0,""sub_reduction_rate"":0,""sub_pivot_tightness"":0,""sub_volume_dryup"":0,""sub_base_depth"":0.0,""sub_base_duration"":100.0,""_score"":35.0},""compression"":{""VC1_atr_ratio"":{""value"":0.7646193271401763,""score"":58.84516821495591},""VC2_range_contraction"":{""value"":1.1964213538383712,""score"":0},""VC3_range_pct_rank"":{""score"":5.000000000000004},""_score"":24.79},""sr_quality"":{""SR1_touches"":{""value"":3,""score"":50.0},""SR2_tightness"":{""value"":0.49725915443223956,""score"":53.549972729993264},""SR3_recency"":{""value"":300,""score"":0.0},""SR4_price_location"":{""score"":30.0},""SR5_reaction"":{""value"":1.7997400029580495,""score"":89.98700014790248},""_score"":44.03,""_levels_found"":7,""_target_level"":44.84},""volume"":{""V1_rvol_day"":{""value"":4.326808633265205,""score"":100},""V2_rvol_sameslot"":{""value"":2.938687015130634,""score"":100,""status"":""ok""},""V3_breakout_bar"":{""value"":0.7695316665166109,""score"":17.968777767774057},""V4_base_dryup"":{""value"":0.887801047855361,""score"":61.219895214463904},""V5_bo_expansion"":{""value"":4.326808633265205,""score"":100},""_score"":71.74},""readiness"":{""_distance_atr"":-4.619,""BR1_atr_distance"":{""score"":0},""BR2_compression"":{""score"":0},""BR3_retest"":{""score"":50.0},""BR4_bo_age"":{""score"":50.0},""_score"":17.5},""risk"":{""R1_stop_clarity"":{""score"":55.51248219331634},""R2_stop_distance_pct"":{""value"":31.28158646451329,""score"":0.0},""R3_stop_distance_atr"":{""value"":6.6491908175895,""score"":0.0},""R4_rr_potential"":{""value"":0.938449380981649,""score"":0.0},""_score"":19.43},""market"":{""M1_spy_regime"":{""score"":100.0},""M3_earnings_risk"":{""value"":null,""score"":80.0},""M4_vix"":{""value"":null,""score"":60.0},""_score"":84.0},""liquidity"":{""L1_price"":{""value"":45.51,""score"":100.0},""L2_dollar_vol"":{""value"":99860166.48407598,""score"":99.96961428816529},""L3_spread_proxy"":{""value"":0.08393759613271809,""score"":16.062403867281915},""L4_volume_zscore"":{""value"":3.846098850230474,""score"":70.0},""_score"":84.09},""pattern_structure"":{""n_contractions"":5,""contractions_pct"":[11.24,29.51,6.17,20.17,10.86],""descending_strict"":false,""final_low"":31.75,""final_pivot"":35.62,""structural_low"":31.75,""dry_up_ratio"":1.3439170957346391,""current_price"":45.51,""neckline_distance_pct"":-0.21731487585146123,""base_bars"":53},""pattern_geometry_features"":{""contraction_count"":5.0,""first_contraction_pct"":0.11236363636363636,""last_contraction_pct"":0.10864682762492975,""dry_up_ratio"":1.3439170957346391,""near_monotone"":0.0,""base_depth_pct"":0.42272727272727273},""_schema_version"":""1.0""}",,,,,,,,,,
20260429T042402Z-4f6251,2026-04-29T04:24:02.652419+00:00,MA,double_bottom,absent,45.07,26.1,34.5,59.2,51.1,40.1,23.5,60.7,84.0,97.1,3.91,8.64,4.73,7.15,5.22,1.88,3.64,5.04,4.86,True,risk_unclear,507.62,527.465,497.9175,549.43,"{""trend"":{""T1_ema_stack"":{""value"":[false,false,false],""score"":0.0},""T2_ema50_slope"":{""value"":-0.04136184015252566,""score"":43.10635997457906},""T3_high_proximity"":{""value"":0.9140212831085582,""score"":57.0106415542791},""T4_rs_1m"":{""value"":-0.07409826005689735,""score"":0},""T5_rs_3m"":{""value"":-0.04786970616788011,""score"":26.065146916059945},""T6_adr_healthy"":{""value"":1.9401312425624195,""score"":100.0},""_score"":26.08},""geometry"":{""sub_low_similarity"":55.0,""sub_bounce_quality"":19.2,""sub_separation_fit"":0.0,""sub_right_bottom_reaction"":54.7,""sub_base_context"":30.0,""_score"":34.55},""compression"":{""VC1_atr_ratio"":{""value"":0.2767065893544163,""score"":100},""VC2_range_contraction"":{""value"":0.871368903093347,""score"":21.43851615110883},""VC3_range_pct_rank"":{""score"":46.666666666666664},""_score"":59.17},""sr_quality"":{""SR1_touches"":{""value"":4,""score"":75.0},""SR2_tightness"":{""value"":2.428799857954544,""score"":49.33591892816273},""SR3_recency"":{""value"":235,""score"":0.0},""SR4_price_location"":{""score"":24.79752262982337},""SR5_reaction"":{""value"":2.9545183640020847,""score"":100},""_score"":51.1,""_levels_found"":6,""_target_level"":515.5125},""volume"":{""V1_rvol_day"":{""value"":1.2283285676871036,""score"":48.55523784580691},""V2_rvol_sameslot"":{""value"":1.1156873004350554,""score"":41.04582002900369,""status"":""ok""},""V3_breakout_bar"":{""value"":1.0288147295975907,""score"":35.254315306506044},""V4_base_dryup"":{""value"":0.9440281311132259,""score"":55.597186888677406},""V5_bo_expansion"":{""value"":1.2283285676871036,""score"":15.221904512473575},""_score"":40.14},""readiness"":{""_distance_atr"":2.07,""BR1_atr_distance"":{""score"":0},""BR2_compression"":{""score"":24.039485420893236},""BR3_retest"":{""score"":50.0},""BR4_bo_age"":{""score"":50.0},""_score"":23.51},""risk"":{""R1_stop_clarity"":{""score"":0},""R2_stop_distance_pct"":{""value"":1.911370710373899,""score"":97.78426775934747},""R3_stop_distance_atr"":{""value"":1.0119570885793019,""score"":75.59785442896509},""R4_rr_potential"":{""value"":4.309198660139152,""score"":100.0},""_score"":60.67},""market"":{""M1_spy_regime"":{""score"":100.0},""M3_earnings_risk"":{""value"":null,""score"":80.0},""M4_vix"":{""value"":null,""score"":60.0},""_score"":84.0},""liquidity"":{""L1_price"":{""value"":507.62,""score"":96.19},""L2_dollar_vol"":{""value"":1975936852.005049,""score"":100.0},""L3_spread_proxy"":{""value"":0.01922698081241872,""score"":80.77301918758128},""L4_volume_zscore"":{""value"":1.0821169059550955,""score"":100.0},""_score"":97.12},""pattern_structure"":{""left_low"":517.01,""left_idx"":26,""right_low"":505.5,""right_idx"":72,""separation_bars"":46,""structural_low"":505.5,""current_price"":508.49,""neckline_distance_pct"":0.03731636807016858,""base_bars"":46},""pattern_geometry_features"":{""low_similarity_pct"":0.02251322725450116,""bounce_pct"":0.0434520276953512,""right_bottom_reaction"":0.5471698113207766,""atr_pct"":0.01888786324978754},""_schema_version"":""1.0""}",,,,,,,,,,
20260429T042402Z-4f6251,2026-04-29T04:24:02.652419+00:00,BTU,bull_flag,absent,45.02,13.3,37.4,82.5,51.6,21.2,52.0,73.1,84.0,89.4,1.87,11.22,7.42,5.16,2.96,4.68,2.19,5.04,4.47,False,,26.9,28.01,25.8267,30.82,"{""trend"":{""T1_ema_stack"":{""value"":[false,false,true],""score"":33.33333333333333},""T2_ema50_slope"":{""value"":-0.7224493265689637,""score"":0},""T3_high_proximity"":{""value"":0.6810126582278481,""score"":0},""T4_rs_1m"":{""value"":-0.4413674455429101,""score"":0},""T5_rs_3m"":{""value"":-0.2779341050050207,""score"":0},""T6_adr_healthy"":{""value"":4.707876403503302,""score"":100.0},""_score"":13.33},""geometry"":{""sub_pole_impulse"":35.4,""sub_flag_tightness"":25.6,""sub_flag_shallowness"":0,""sub_flag_drift"":94.3,""sub_flag_duration"":62.5,""_score"":37.41},""compression"":{""VC1_atr_ratio"":{""value"":0.3611163032518204,""score"":100},""VC2_range_contraction"":{""value"":0.6218766410411789,""score"":63.02055982647019},""VC3_range_pct_rank"":{""score"":81.66666666666667},""_score"":82.47},""sr_quality"":{""SR1_touches"":{""value"":2,""score"":25.0},""SR2_tightness"":{""value"":0.2599999999999998,""score"":58.150818013543535},""SR3_recency"":{""value"":310,""score"":0.0},""SR4_price_location"":{""score"":81.34715025906738},""SR5_reaction"":{""value"":3.045533979466308,""score"":100},""_score"":51.56,""_levels_found"":6,""_target_level"":27.26},""volume"":{""V1_rvol_day"":{""value"":0.5221329423825813,""score"":1.4755294921720896},""V2_rvol_sameslot"":{""value"":0.47498681432692713,""score"":0,""status"":""ok""},""V3_breakout_bar"":{""value"":1.0840461482079118,""score"":38.93640988052745},""V4_base_dryup"":{""value"":0.9430379287735363,""score"":55.69620712264637},""V5_bo_expansion"":{""value"":0.5221329423825812,""score"":0},""_score"":21.17},""readiness"":{""_distance_atr"":0.893,""BR1_atr_distance"":{""score"":40.44539486542713},""BR2_compression"":{""score"":73.26888592279911},""BR3_retest"":{""score"":50.0},""BR4_bo_age"":{""score"":50.0},""_score"":52.0},""risk"":{""R1_stop_clarity"":{""score"":36.69506432587176},""R2_stop_distance_pct"":{""value"":3.9899628252788095,""score"":100.0},""R3_stop_distance_atr"":{""value"":0.8637832120396874,""score"":68.18916060198437},""R4_rr_potential"":{""value"":3.6522873381160963,""score"":100.0},""_score"":73.07},""market"":{""M1_spy_regime"":{""score"":100.0},""M3_earnings_risk"":{""value"":null,""score"":80.0},""M4_vix"":{""value"":null,""score"":60.0},""_score"":84.0},""liquidity"":{""L1_price"":{""value"":26.9,""score"":100.0},""L2_dollar_vol"":{""value"":44236967.234375894,""score"":82.2892672636982},""L3_spread_proxy"":{""value"":0.034758364312267614,""score"":65.24163568773238},""L4_volume_zscore"":{""value"":-1.181199509164961,""score"":100.0},""_score"":89.44},""pattern_structure"":{""pole_low"":25.2,""pole_low_idx"":12,""peak_price"":28.01,""peak_idx"":36,""pole_gain"":0.1115079365079366,""flag_bars"":23,""flag_low"":26.22,""flag_high"":27.615,""structural_low"":26.22,""current_price"":26.77,""neckline_distance_pct"":0.046320508031378486,""base_bars"":23},""pattern_geometry_features"":{""pole_gain"":0.1115079365079366,""pullback_pct"":0.06390574794716182,""flag_range_pct"":0.04980364155658692,""flag_drift_per_bar"":-0.0011399921155325467,""atr_pct"":0.04619171534784918,""pole_atr_multiple"":2.414024585755695},""_schema_version"":""1.0""}",,,,,,,,,,
20260429T042402Z-4f6251,2026-04-29T04:24:02.652419+00:00,NTES,vcp,absent,45.01,12.7,47.2,56.4,45.9,28.8,32.1,65.0,84.0,95.1,1.91,11.79,6.76,5.51,3.74,2.25,3.25,5.04,4.75,True,risk_unclear,111.76,119.49,107.1138,146.685,"{""trend"":{""T1_ema_stack"":{""value"":[false,false,false],""score"":0.0},""T2_ema50_slope"":{""value"":-0.14753290034270267,""score"":25.41118327621622},""T3_high_proximity"":{""value"":0.8354014052922709,""score"":17.700702646135436},""T4_rs_1m"":{""value"":-0.09949890296533992,""score"":0},""T5_rs_3m"":{""value"":-0.17572733028568543,""score"":0},""T6_adr_healthy"":{""value"":1.6114876765225568,""score"":100.0},""_score"":12.74},""geometry"":{""sub_contraction_count"":100.0,""sub_reduction_rate"":0,""sub_pivot_tightness"":14.4,""sub_volume_dryup"":0,""sub_base_depth"":100.0,""sub_base_duration"":100.0,""_score"":47.16},""compression"":{""VC1_atr_ratio"":{""value"":0.6298495285305133,""score"":92.53761786737165},""VC2_range_contraction"":{""value"":0.9005921631118791,""score"":16.567972814686822},""VC3_range_pct_rank"":{""score"":54.16666666666667},""_score"":56.36},""sr_quality"":{""SR1_touches"":{""value"":2,""score"":25.0},""SR2_tightness"":{""value"":0.23000000000000398,""score"":79.47410358565703},""SR3_recency"":{""value"":235,""score"":0.0},""SR4_price_location"":{""score"":48.1277098935751},""SR5_reaction"":{""value"":1.9254183266932283,""score"":96.27091633466142},""_score"":45.89,""_levels_found"":6,""_target_level"":115.05},""volume"":{""V1_rvol_day"":{""value"":0.9982350272521823,""score"":33.215668483478815},""V2_rvol_sameslot"":{""value"":1.4342169134856226,""score"":62.281127565708175,""status"":""ok""},""V3_breakout_bar"":{""value"":0.7829721848297986,""score"":18.86481232198657},""V4_base_dryup"":{""value"":1.251879154817684,""score"":24.8120845182316},""V5_bo_expansion"":{""value"":0.9982350272521823,""score"":0},""_score"":28.78},""readiness"":{""_distance_atr"":3.449,""BR1_atr_distance"":{""score"":0},""BR2_compression"":{""score"":58.586985908234844},""BR3_retest"":{""score"":50.0},""BR4_bo_age"":{""score"":50.0},""_score"":32.15},""risk"":{""R1_stop_clarity"":{""score"":0},""R2_stop_distance_pct"":{""value"":4.157278990694344,""score"":100.0},""R3_stop_distance_atr"":{""value"":2.0731936254980066,""score"":100.0},""R4_rr_potential"":{""value"":7.516935974215349,""score"":100.0},""_score"":65.0},""market"":{""M1_spy_regime"":{""score"":100.0},""M3_earnings_risk"":{""value"":null,""score"":80.0},""M4_vix"":{""value"":null,""score"":60.0},""_score"":84.0},""liquidity"":{""L1_price"":{""value"":111.76,""score"":100.0},""L2_dollar_vol"":{""value"":67527353.59799705,""score"":91.47398650103398},""L3_spread_proxy"":{""value"":0.015300644237652055,""score"":84.69935576234795},""L4_volume_zscore"":{""value"":-0.006105029121064961,""score"":100.0},""_score"":95.06},""pattern_structure"":{""n_contractions"":5,""contractions_pct"":[12.34,7.04,4.21,9.4,8.99],""descending_strict"":false,""final_low"":108.745,""final_pivot"":119.49,""structural_low"":108.745,""dry_up_ratio"":1.042591542759317,""current_price"":111.76,""neckline_distance_pct"":0.06916607015032203,""base_bars"":59},""pattern_geometry_features"":{""contraction_count"":5.0,""first_contraction_pct"":0.12343681035751068,""last_contraction_pct"":0.0899238429994141,""dry_up_ratio"":1.042591542759317,""near_monotone"":0.0,""base_depth_pct"":0.2000514933058702},""_schema_version"":""1.0""}",,,,,,,,,,
20260429T042402Z-4f6251,2026-04-29T04:24:02.652419+00:00,NG,vcp,invalidated,44.94,19.8,51.3,62.3,36.1,30.7,37.6,31.7,84.0,81.7,2.96,12.83,7.47,4.34,3.99,2.63,1.59,5.04,4.08,False,,8.18,9.795,8.3725,13.213,"{""trend"":{""T1_ema_stack"":{""value"":[false,false,true],""score"":33.33333333333333},""T2_ema50_slope"":{""value"":-0.10734295337850416,""score"":32.10950777024931},""T3_high_proximity"":{""value"":0.576056338028169,""score"":0},""T4_rs_1m"":{""value"":-0.12360110499175936,""score"":0},""T5_rs_3m"":{""value"":-0.3265297274386205,""score"":0},""T6_adr_healthy"":{""value"":6.022964485303548,""score"":100.0},""_score"":19.76},""geometry"":{""sub_contraction_count"":100.0,""sub_reduction_rate"":0,""sub_pivot_tightness"":0,""sub_volume_dryup"":42.2,""sub_base_depth"":100.0,""sub_base_duration"":100.0,""_score"":51.33},""compression"":{""VC1_atr_ratio"":{""value"":0.5466471431639482,""score"":100},""VC2_range_contraction"":{""value"":0.9286433249459688,""score"":11.892779175671867},""VC3_range_pct_rank"":{""score"":72.5},""_score"":62.29},""sr_quality"":{""SR1_touches"":{""value"":2,""score"":25.0},""SR2_tightness"":{""value"":0.09499999999999975,""score"":68.8374980962758},""SR3_recency"":{""value"":236,""score"":0.0},""SR4_price_location"":{""score"":13.240418118466785},""SR5_reaction"":{""value"":2.2510807296242947,""score"":100},""_score"":36.14,""_levels_found"":9,""_target_level"":8.595},""volume"":{""V1_rvol_day"":{""value"":0.8289588397220248,""score"":21.93058931480165},""V2_rvol_sameslot"":{""value"":0.7398610031046615,""score"":15.990733540310767,""status"":""ok""},""V3_breakout_bar"":{""value"":1.0317001412187943,""score"":35.44667608125295},""V4_base_dryup"":{""value"":0.7889792756149451,""score"":71.10207243850549},""V5_bo_expansion"":{""value"":0.8289588397220248,""score"":0},""_score"":30.67},""readiness"":{""_distance_atr"":2.649,""BR1_atr_distance"":{""score"":0},""BR2_compression"":{""score"":80.31791954921991},""BR3_retest"":{""score"":50.0},""BR4_bo_age"":{""score"":50.0},""_score"":37.58},""risk"":{""R1_stop_clarity"":{""score"":58.17664218184389},""R2_stop_distance_pct"":{""value"":-2.3533007334963423,""score"":0.0},""R3_stop_distance_atr"":{""value"":-0.3157253482351026,""score"":9.213732588244872},""R4_rr_potential"":{""value"":null,""score"":50.0},""_score"":31.74},""market"":{""M1_spy_regime"":{""score"":100.0},""M3_earnings_risk"":{""value"":null,""score"":80.0},""M4_vix"":{""value"":null,""score"":60.0},""_score"":84.0},""liquidity"":{""L1_price"":{""value"":8.18,""score"":99.09},""L2_dollar_vol"":{""value"":20829953.77078594,""score"":65.93441530460082},""L3_spread_proxy"":{""value"":0.04462102689486555,""score"":55.37897310513445},""L4_volume_zscore"":{""value"":-0.5395124145780551,""score"":100.0},""_score"":81.68},""pattern_structure"":{""n_contractions"":5,""contractions_pct"":[17.16,23.43,41.41,11.74,13.22],""descending_strict"":false,""final_low"":8.5,""final_pivot"":9.795,""structural_low"":8.5,""dry_up_ratio"":0.7888582215790856,""current_price"":8.18,""neckline_distance_pct"":0.19743276283618585,""base_bars"":36},""pattern_geometry_features"":{""contraction_count"":5.0,""first_contraction_pct"":0.17158919281758686,""last_contraction_pct"":0.13221031138335884,""dry_up_ratio"":0.7888582215790856,""near_monotone"":0.0,""base_depth_pct"":0.2867930860882698},""_schema_version"":""1.0""}",,,,,,,,,,
20260429T042402Z-4f6251,2026-04-29T04:24:02.652419+00:00,HNRG,double_bottom,forming,44.74,5.0,54.2,56.0,45.4,29.5,31.6,72.5,84.0,77.4,0.75,13.54,4.48,6.35,3.83,2.53,4.35,5.04,3.87,False,,15.46,16.8,15.1,18.27,"{""trend"":{""T1_ema_stack"":{""value"":[false,false,false],""score"":0.0},""T2_ema50_slope"":{""value"":-0.4618831316942547,""score"":0},""T3_high_proximity"":{""value"":0.741131351869607,""score"":0},""T4_rs_1m"":{""value"":-0.24247116808492997,""score"":0},""T5_rs_3m"":{""value"":-0.19522651345304298,""score"":0},""T6_adr_healthy"":{""value"":5.165812579864606,""score"":100.0},""_score"":5.0},""geometry"":{""sub_low_similarity"":81.2,""sub_bounce_quality"":94.1,""sub_separation_fit"":20.0,""sub_right_bottom_reaction"":13.2,""sub_base_context"":30.0,""_score"":54.16},""compression"":{""VC1_atr_ratio"":{""value"":0.46215058888094585,""score"":100},""VC2_range_contraction"":{""value"":0.8714410908611216,""score"":21.42648485647973},""VC3_range_pct_rank"":{""score"":34.166666666666664},""_score"":56.04},""sr_quality"":{""SR1_touches"":{""value"":3,""score"":50.0},""SR2_tightness"":{""value"":0.036817870057290834,""score"":91.05718953820673},""SR3_recency"":{""value"":224,""score"":0.0},""SR4_price_location"":{""score"":6.826347305389281},""SR5_reaction"":{""value"":4.074533514924921,""score"":100},""_score"":45.37,""_levels_found"":9,""_target_level"":16.7567},""volume"":{""V1_rvol_day"":{""value"":1.091340877847246,""score"":39.4227251898164},""V2_rvol_sameslot"":{""value"":1.0579728582015526,""score"":37.19819054677018,""status"":""ok""},""V3_breakout_bar"":{""value"":1.2935964470052879,""score"":52.90642980035253},""V4_base_dryup"":{""value"":1.8362117627922399,""score"":0},""V5_bo_expansion"":{""value"":1.0913408778472462,""score"":6.089391856483081},""_score"":29.46},""readiness"":{""_distance_atr"":1.627,""BR1_atr_distance"":{""score"":0},""BR2_compression"":{""score"":56.454107905628405},""BR3_retest"":{""score"":50.0},""BR4_bo_age"":{""score"":50.0},""_score"":31.61},""risk"":{""R1_stop_clarity"":{""score"":44.14670749585766},""R2_stop_distance_pct"":{""value"":2.3282664941785334,""score"":100.0},""R3_stop_distance_atr"":{""value"":0.4371470458113951,""score"":46.85735229056975},""R4_rr_potential"":{""value"":7.8066398110848505,""score"":100.0},""_score"":72.48},""market"":{""M1_spy_regime"":{""score"":100.0},""M3_earnings_risk"":{""value"":null,""score"":80.0},""M4_vix"":{""value"":null,""score"":60.0},""_score"":84.0},""liquidity"":{""L1_price"":{""value"":15.46,""score"":100.0},""L2_dollar_vol"":{""value"":15078105.763101742,""score"":58.91733926400655},""L3_spread_proxy"":{""value"":0.06209573091849929,""score"":37.90426908150071},""L4_volume_zscore"":{""value"":0.2925613578405662,""score"":100.0},""_score"":77.36},""pattern_structure"":{""left_low"":15.475,""left_idx"":34,""right_low"":15.33,""right_idx"":76,""separation_bars"":42,""structural_low"":15.33,""current_price"":15.49,""neckline_distance_pct"":0.0845706907682376,""base_bars"":42},""pattern_geometry_features"":{""low_similarity_pct"":0.009414056159714305,""bounce_pct"":0.09589041095890415,""right_bottom_reaction"":0.13157894736842327,""atr_pct"":0.05326048789502864},""_schema_version"":""1.0""}",,,,,,,,,,
20260429T042402Z-4f6251,2026-04-29T04:24:02.652419+00:00,CLBT,ascending_triangle,absent,44.74,5.0,45.6,70.5,57.7,18.8,39.2,74.0,84.0,82.7,0.75,12.76,5.64,8.07,2.25,3.13,2.96,5.04,4.14,False,,12.68,13.78,12.3224,15.05,"{""trend"":{""T1_ema_stack"":{""value"":[false,false,false],""score"":0.0},""T2_ema50_slope"":{""value"":-0.443674710046099,""score"":0},""T3_high_proximity"":{""value"":0.7920049968769518,""score"":0},""T4_rs_1m"":{""value"":-0.1432295246201789,""score"":0},""T5_rs_3m"":{""value"":-0.2589770772408967,""score"":0},""T6_adr_healthy"":{""value"":5.049308849454485,""score"":100.0},""_score"":5.0},""geometry"":{""sub_flat_top_quality"":33.3,""sub_hl_slope"":5.1,""sub_compression"":76.2,""sub_duration"":100.0,""_score"":45.57},""compression"":{""VC1_atr_ratio"":{""value"":0.27581641659311606,""score"":100},""VC2_range_contraction"":{""value"":0.7273108650532669,""score"":45.448189157788846},""VC3_range_pct_rank"":{""score"":58.33333333333333},""_score"":70.49},""sr_quality"":{""SR1_touches"":{""value"":2,""score"":25.0},""SR2_tightness"":{""value"":0.04499999999999993,""score"":87.2598584428716},""SR3_recency"":{""value"":242,""score"":0.0},""SR4_price_location"":{""score"":88.3215369059656},""SR5_reaction"":{""value"":2.6435793731041466,""score"":100},""_score"":57.67,""_levels_found"":8,""_target_level"":12.955},""volume"":{""V1_rvol_day"":{""value"":0.9558790896276526,""score"":30.391939308510167},""V2_rvol_sameslot"":{""value"":0.4909444850295299,""score"":0,""status"":""ok""},""V3_breakout_bar"":{""value"":0.6306998377319496,""score"":8.713322515463307},""V4_base_dryup"":{""value"":0.9745053307241486,""score"":52.549466927585144},""V5_bo_expansion"":{""value"":0.9558790896276526,""score"":0},""_score"":18.77},""readiness"":{""_distance_atr"":1.557,""BR1_atr_distance"":{""score"":0},""BR2_compression"":{""score"":86.70887151733028},""BR3_retest"":{""score"":50.0},""BR4_bo_age"":{""score"":50.0},""_score"":39.18},""risk"":{""R1_stop_clarity"":{""score"":46.87360970677459},""R2_stop_distance_pct"":{""value"":2.8205835962145076,""score"":100.0},""R3_stop_distance_atr"":{""value"":0.5062790697674415,""score"":50.31395348837208},""R4_rr_potential"":{""value"":6.62659024185657,""score"":100.0},""_score"":73.95},""market"":{""M1_spy_regime"":{""score"":100.0},""M3_earnings_risk"":{""value"":null,""score"":80.0},""M4_vix"":{""value"":null,""score"":60.0},""_score"":84.0},""liquidity"":{""L1_price"":{""value"":12.68,""score"":100.0},""L2_dollar_vol"":{""value"":20372814.0702874,""score"":65.45255108375305},""L3_spread_proxy"":{""value"":0.034700315457413214,""score"":65.29968454258679},""L4_volume_zscore"":{""value"":-0.07727674081583721,""score"":100.0},""_score"":82.71},""pattern_structure"":{""top"":13.78,""top_touches"":2,""low_slope_per_bar"":0.0019256756756756215,""lowest_low"":12.51,""structural_low"":12.51,""current_price"":12.625,""neckline_distance_pct"":0.09148514851485143,""base_bars"":20},""pattern_geometry_features"":{""top_touches"":2.0,""low_slope"":0.0019256756756756215,""compression"":0.38100162379283764,""atr_pct"":0.05571203244704819},""_schema_version"":""1.0""}",,,,,,,,,,
20260429T042402Z-4f6251,2026-04-29T04:24:02.652419+00:00,OMCL,cup_with_handle,breakout_confirmed,44.71,49.0,33.4,24.8,44.0,72.7,17.7,25.7,84.0,84.1,6.86,10.03,1.98,5.28,9.45,1.42,1.28,4.2,4.2,False,,45.51,39.145,34.9675,44.905,"{""trend"":{""T1_ema_stack"":{""value"":[true,false,false],""score"":33.33333333333333},""T2_ema50_slope"":{""value"":-0.11620703703360347,""score"":30.63216049439942},""T3_high_proximity"":{""value"":0.9270727235689549,""score"":63.536361784477414},""T4_rs_1m"":{""value"":0.26723821683992877,""score"":100},""T5_rs_3m"":{""value"":-0.11236418716994911,""score"":0},""T6_adr_healthy"":{""value"":4.347872223904132,""score"":100.0},""_score"":48.99},""geometry"":{""sub_cup_depth"":73.6,""sub_cup_duration"":0.0,""sub_rim_symmetry"":12.8,""sub_handle_shallowness"":22.4,""sub_handle_proportion"":80.1,""sub_u_shape"":24.3,""_score"":33.42},""compression"":{""VC1_atr_ratio"":{""value"":0.7646193271401763,""score"":58.84516821495591},""VC2_range_contraction"":{""value"":1.1964213538383712,""score"":0},""VC3_range_pct_rank"":{""score"":5.000000000000004},""_score"":24.79},""sr_quality"":{""SR1_touches"":{""value"":3,""score"":50.0},""SR2_tightness"":{""value"":0.49725915443223956,""score"":53.549972729993264},""SR3_recency"":{""value"":300,""score"":0.0},""SR4_price_location"":{""score"":30.0},""SR5_reaction"":{""value"":1.7997400029580495,""score"":89.98700014790248},""_score"":44.03,""_levels_found"":7,""_target_level"":44.84},""volume"":{""V1_rvol_day"":{""value"":4.326808633265205,""score"":100},""V2_rvol_sameslot"":{""value"":2.938687015130634,""score"":100,""status"":""ok""},""V3_breakout_bar"":{""value"":0.7695316665166109,""score"":17.968777767774057},""V4_base_dryup"":{""value"":0.8395543467619385,""score"":66.04456532380615},""V5_bo_expansion"":{""value"":4.326808633265205,""score"":100},""_score"":72.7},""readiness"":{""_distance_atr"":-2.973,""BR1_atr_distance"":{""score"":0.543191424768267},""BR2_compression"":{""score"":0},""BR3_retest"":{""score"":50.0},""BR4_bo_age"":{""score"":50.0},""_score"":17.72},""risk"":{""R1_stop_clarity"":{""score"":50.25805095630659},""R2_stop_distance_pct"":{""value"":23.16523840914084,""score"":0.0},""R3_stop_distance_atr"":{""value"":4.923985894771256,""score"":53.80070526143719},""R4_rr_potential"":{""value"":-0.05738676784443889,""score"":0.0},""_score"":25.66},""market"":{""M1_spy_regime"":{""score"":100.0},""M3_earnings_risk"":{""value"":null,""score"":80.0},""M4_vix"":{""value"":null,""score"":60.0},""_score"":84.0},""liquidity"":{""L1_price"":{""value"":45.51,""score"":100.0},""L2_dollar_vol"":{""value"":99860166.48407598,""score"":99.96961428816529},""L3_spread_proxy"":{""value"":0.08393759613271809,""score"":16.062403867281915},""L4_volume_zscore"":{""value"":3.846098850230474,""score"":70.0},""_score"":84.09},""pattern_structure"":{""left_rim"":37.51,""left_rim_idx"":66,""cup_bottom"":31.75,""cup_bottom_idx"":160,""right_rim"":39.145,""right_rim_idx"":173,""handle_low"":35.5,""handle_bars"":6,""cup_bars"":107,""structural_low"":35.5,""current_price"":45.51,""neckline_distance_pct"":-0.13985937156668854,""base_bars"":113},""pattern_geometry_features"":{""cup_depth_pct"":0.1535590509197547,""rim_symmetry_pct"":0.04358837643295135,""handle_depth_pct"":0.09311534040107301,""handle_to_cup_ratio"":0.056074766355140186,""cup_duration_bars"":107.0,""atr_pct"":0.04704570424082619,""u_shape_score"":0.12149532710280374},""_schema_version"":""1.0""}",,,,,,,,,,
20260429T042402Z-4f6251,2026-04-29T04:24:02.652419+00:00,TMC,double_bottom,absent,44.7,25.0,41.3,59.3,49.5,19.6,35.5,79.1,84.0,75.6,3.75,10.33,4.74,6.93,2.54,2.84,4.74,5.04,3.78,False,,5.06,5.8299,4.856,6.7298,"{""trend"":{""T1_ema_stack"":{""value"":[false,false,false],""score"":0.0},""T2_ema50_slope"":{""value"":-0.5108089675917644,""score"":0},""T3_high_proximity"":{""value"":0.6016646848989298,""score"":0},""T4_rs_1m"":{""value"":0.06263160583111538,""score"":100},""T5_rs_3m"":{""value"":-0.3947215015929161,""score"":0},""T6_adr_healthy"":{""value"":7.190506965017105,""score"":100.0},""_score"":25.0},""geometry"":{""sub_low_similarity"":14.6,""sub_bounce_quality"":100,""sub_separation_fit"":6.7,""sub_right_bottom_reaction"":66.2,""sub_base_context"":30.0,""_score"":41.31},""compression"":{""VC1_atr_ratio"":{""value"":0.6003312015912179,""score"":99.91719960219552},""VC2_range_contraction"":{""value"":0.9366898417316782,""score"":10.551693044720293},""VC3_range_pct_rank"":{""score"":62.5},""_score"":59.28},""sr_quality"":{""SR1_touches"":{""value"":3,""score"":50.0},""SR2_tightness"":{""value"":0.03681787005729081,""score"":80.46242089255867},""SR3_recency"":{""value"":257,""score"":0.0},""SR4_price_location"":{""score"":29.596412556053785},""SR5_reaction"":{""value"":2.5515651157648684,""score"":100},""_score"":49.47,""_levels_found"":7,""_target_level"":5.5833},""volume"":{""V1_rvol_day"":{""value"":0.5518903170802767,""score"":3.4593544720184464},""V2_rvol_sameslot"":{""value"":0.3593209539636344,""score"":0,""status"":""ok""},""V3_breakout_bar"":{""value"":0.5307213888331067,""score"":2.0480925888737804},""V4_base_dryup"":{""value"":0.5825188720645605,""score"":91.74811279354395},""V5_bo_expansion"":{""value"":0.5518903170802766,""score"":0},""_score"":19.55},""readiness"":{""_distance_atr"":2.043,""BR1_atr_distance"":{""score"":0},""BR2_compression"":{""score"":72.14197710451779},""BR3_retest"":{""score"":50.0},""BR4_bo_age"":{""score"":50.0},""_score"":35.54},""risk"":{""R1_stop_clarity"":{""score"":60.75807827158158},""R2_stop_distance_pct"":{""value"":4.030632411067192,""score"":100.0},""R3_stop_distance_atr"":{""value"":0.5411352222116927,""score"":52.05676111058464},""R4_rr_potential"":{""value"":8.187300809021831,""score"":100.0},""_score"":79.07},""market"":{""M1_spy_regime"":{""score"":100.0},""M3_earnings_risk"":{""value"":null,""score"":80.0},""M4_vix"":{""value"":null,""score"":60.0},""_score"":84.0},""liquidity"":{""L1_price"":{""value"":5.06,""score"":97.53},""L2_dollar_vol"":{""value"":13598379.984271718,""score"":56.67435863248676},""L3_spread_proxy"":{""value"":0.06422924901185775,""score"":35.770750988142254},""L4_volume_zscore"":{""value"":-1.5654922234347424,""score"":100.0},""_score"":75.63},""pattern_structure"":{""left_low"":5.145,""left_idx"":30,""right_low"":4.93,""right_idx"":74,""separation_bars"":44,""structural_low"":4.93,""current_price"":5.075,""neckline_distance_pct"":0.1487487684729064,""base_bars"":44},""pattern_geometry_features"":{""low_similarity_pct"":0.04267990074441685,""bounce_pct"":0.1825354969574038,""right_bottom_reaction"":0.6615384615384607,""atr_pct"":0.07448475437605877},""_schema_version"":""1.0""}",,,,,,,,,,
20260429T042402Z-4f6251,2026-04-29T04:24:02.652419+00:00,ADSK,vcp,absent,44.69,15.0,44.9,48.7,50.2,28.2,31.2,73.3,84.0,95.8,2.25,11.21,5.85,6.03,3.67,2.18,3.67,5.04,4.79,False,,234.85,250.91,223.595,271.03,"{""trend"":{""T1_ema_stack"":{""value"":[false,false,false],""score"":0.0},""T2_ema50_slope"":{""value"":-0.16957808439195626,""score"":21.736985934673953},""T3_high_proximity"":{""value"":0.8752282637051392,""score"":37.614131852569564},""T4_rs_1m"":{""value"":-0.10058233140737505,""score"":0},""T5_rs_3m"":{""value"":-0.1472811430779183,""score"":0},""T6_adr_healthy"":{""value"":3.4586872955520223,""score"":100.0},""_score"":14.99},""geometry"":{""sub_contraction_count"":100.0,""sub_reduction_rate"":0.2,""sub_pivot_tightness"":6.7,""sub_volume_dryup"":37.8,""sub_base_depth"":31.4,""sub_base_duration"":100.0,""_score"":44.86},""compression"":{""VC1_atr_ratio"":{""value"":0.44622118043876025,""score"":100},""VC2_range_contraction"":{""value"":0.9149478269307151,""score"":14.175362178214154},""VC3_range_pct_rank"":{""score"":15.000000000000002},""_score"":48.71},""sr_quality"":{""SR1_touches"":{""value"":4,""score"":75.0},""SR2_tightness"":{""value"":3.0548690642971903,""score"":38.74922928396305},""SR3_recency"":{""value"":226,""score"":0.0},""SR4_price_location"":{""score"":27.717999483515417},""SR5_reaction"":{""value"":2.6922396372630324,""score"":100},""_score"":50.24,""_levels_found"":6,""_target_level"":248.845},""volume"":{""V1_rvol_day"":{""value"":0.8918331283707376,""score"":26.12220855804917},""V2_rvol_sameslot"":{""value"":0.9453125830971332,""score"":29.68750553980888,""status"":""ok""},""V3_breakout_bar"":{""value"":1.033838103304268,""score"":35.5892068869512},""V4_base_dryup"":{""value"":1.0913682942162444,""score"":40.86317057837556},""V5_bo_expansion"":{""value"":0.8918331283707378,""score"":0},""_score"":28.23},""readiness"":{""_distance_atr"":1.61,""BR1_atr_distance"":{""score"":0},""BR2_compression"":{""score"":54.67215296079853},""BR3_retest"":{""score"":50.0},""BR4_bo_age"":{""score"":50.0},""_score"":31.17},""risk"":{""R1_stop_clarity"":{""score"":31.72902998509123},""R2_stop_distance_pct"":{""value"":4.792420694060037,""score"":100.0},""R3_stop_distance_atr"":{""value"":1.1283256498058702,""score"":81.41628249029351},""R4_rr_potential"":{""value"":3.2145713016437134,""score"":100.0},""_score"":73.32},""market"":{""M1_spy_regime"":{""score"":100.0},""M3_earnings_risk"":{""value"":null,""score"":80.0},""M4_vix"":{""value"":null,""score"":60.0},""_score"":84.0},""liquidity"":{""L1_price"":{""value"":234.85,""score"":100.0},""L2_dollar_vol"":{""value"":400613644.7206817,""score"":100.0},""L3_spread_proxy"":{""value"":0.04159889291036842,""score"":58.40110708963158},""L4_volume_zscore"":{""value"":-0.34077142924714254,""score"":100.0},""_score"":95.84},""pattern_structure"":{""n_contractions"":5,""contractions_pct"":[12.59,7.41,11.62,12.54,9.53],""descending_strict"":false,""final_low"":227.0,""final_pivot"":250.91,""structural_low"":227.0,""dry_up_ratio"":0.8111174933438231,""current_price"":234.85,""neckline_distance_pct"":0.068384074941452,""base_bars"":50},""pattern_geometry_features"":{""contraction_count"":5.0,""first_contraction_pct"":0.12589025574619622,""last_contraction_pct"":0.09529313299589492,""dry_up_ratio"":0.8111174933438231,""near_monotone"":0.0,""base_depth_pct"":0.08141793460666884},""_schema_version"":""1.0""}",,,,,,,,,,
20260429T042402Z-4f6251,2026-04-29T04:24:02.652419+00:00,CDRE,double_bottom,absent,44.6,5.0,43.7,54.2,57.7,40.9,23.5,72.2,84.0,79.0,0.75,10.92,4.33,8.08,5.31,1.88,4.33,5.04,3.95,False,,29.71,32.14,28.565,35.28,"{""trend"":{""T1_ema_stack"":{""value"":[false,false,false],""score"":0.0},""T2_ema50_slope"":{""value"":-0.6058416271543581,""score"":0},""T3_high_proximity"":{""value"":0.6448882135880183,""score"":0},""T4_rs_1m"":{""value"":-0.13072456304979685,""score"":0},""T5_rs_3m"":{""value"":-0.31388509826367594,""score"":0},""T6_adr_healthy"":{""value"":4.074681535673519,""score"":100.0},""_score"":5.0},""geometry"":{""sub_low_similarity"":9.0,""sub_bounce_quality"":100,""sub_separation_fit"":13.3,""sub_right_bottom_reaction"":86.6,""sub_base_context"":30.0,""_score"":43.69},""compression"":{""VC1_atr_ratio"":{""value"":0.43570836433933485,""score"":100},""VC2_range_contraction"":{""value"":1.1587942502271302,""score"":0},""VC3_range_pct_rank"":{""score"":56.666666666666664},""_score"":54.17},""sr_quality"":{""SR1_touches"":{""value"":3,""score"":50.0},""SR2_tightness"":{""value"":0.20799393153540693,""score"":68.5969022884845},""SR3_recency"":{""value"":236,""score"":0.0},""SR4_price_location"":{""score"":70.56477617091032},""SR5_reaction"":{""value"":1.9667266995229735,""score"":98.33633497614868},""_score"":57.68,""_levels_found"":5,""_target_level"":31.0097},""volume"":{""V1_rvol_day"":{""value"":1.0704036219755853,""score"":38.02690813170568},""V2_rvol_sameslot"":{""value"":1.269318962255494,""score"":51.28793081703292,""status"":""ok""},""V3_breakout_bar"":{""value"":1.8376372547275153,""score"":89.17581698183436},""V4_base_dryup"":{""value"":2.246679611290011,""score"":0},""V5_bo_expansion"":{""value"":1.0704036219755855,""score"":4.6935747983723655},""_score"":40.86},""readiness"":{""_distance_atr"":1.834,""BR1_atr_distance"":{""score"":0},""BR2_compression"":{""score"":24.135791238201552},""BR3_retest"":{""score"":50.0},""BR4_bo_age"":{""score"":50.0},""_score"":23.53},""risk"":{""R1_stop_clarity"":{""score"":34.32333624510679},""R2_stop_distance_pct"":{""value"":3.8539212386401873,""score"":100.0},""R3_stop_distance_atr"":{""value"":0.8643652873488842,""score"":68.2182643674442},""R4_rr_potential"":{""value"":4.864628820960701,""score"":100.0},""_score"":72.25},""market"":{""M1_spy_regime"":{""score"":100.0},""M3_earnings_risk"":{""value"":null,""score"":80.0},""M4_vix"":{""value"":null,""score"":60.0},""_score"":84.0},""liquidity"":{""L1_price"":{""value"":29.71,""score"":100.0},""L2_dollar_vol"":{""value"":12866789.41783769,""score"":55.47350966043596},""L3_spread_proxy"":{""value"":0.03163917872770115,""score"":68.36082127229885},""L4_volume_zscore"":{""value"":0.23356989225015518,""score"":100.0},""_score"":79.03},""pattern_structure"":{""left_low"":30.35,""left_idx"":31,""right_low"":29.0,""right_idx"":74,""separation_bars"":43,""structural_low"":29.0,""current_price"":29.77,""neckline_distance_pct"":0.07961034598589187,""base_bars"":43},""pattern_geometry_features"":{""low_similarity_pct"":0.04549283909014327,""bounce_pct"":0.10827586206896554,""right_bottom_reaction"":0.8664444444444476,""atr_pct"":0.044586719238351676},""_schema_version"":""1.0""}",,,,,,,,,,
20260429T042402Z-4f6251,2026-04-29T04:24:02.652419+00:00,PAR,ascending_triangle,forming,44.56,6.1,55.6,54.6,41.4,19.4,45.5,80.5,84.0,73.2,0.92,15.58,4.37,5.79,2.33,3.64,3.22,5.04,3.66,False,,13.81,14.8176,12.9577,16.4802,"{""trend"":{""T1_ema_stack"":{""value"":[false,false,false],""score"":0.0},""T2_ema50_slope"":{""value"":-1.3792834431015988,""score"":0},""T3_high_proximity"":{""value"":0.48371278458844136,""score"":0},""T4_rs_1m"":{""value"":-0.04431609128051606,""score"":5.683908719483945},""T5_rs_3m"":{""value"":-0.5320086896805309,""score"":0},""T6_adr_healthy"":{""value"":6.85179246774166,""score"":100.0},""_score"":6.14},""geometry"":{""sub_flat_top_quality"":66.7,""sub_hl_slope"":61.9,""sub_compression"":20.2,""sub_duration"":80.0,""_score"":55.63},""compression"":{""VC1_atr_ratio"":{""value"":0.3589978021069817,""score"":100},""VC2_range_contraction"":{""value"":0.8635949919795278,""score"":22.73416800341203},""VC3_range_pct_rank"":{""score"":26.66666666666667},""_score"":54.62},""sr_quality"":{""SR1_touches"":{""value"":2,""score"":25.0},""SR2_tightness"":{""value"":0.019999999999999574,""score"":95.5525906159663},""SR3_recency"":{""value"":258,""score"":0.0},""SR4_price_location"":{""score"":18.16976127320956},""SR5_reaction"":{""value"":3.885923949299533,""score"":100},""_score"":41.38,""_levels_found"":4,""_target_level"":19.98},""volume"":{""V1_rvol_day"":{""value"":0.4556005351634173,""score"":0},""V2_rvol_sameslot"":{""value"":0.22509334442281156,""score"":0,""status"":""ok""},""V3_breakout_bar"":{""value"":0.7012936130018973,""score"":13.419574200126485},""V4_base_dryup"":{""value"":0.6951740249355703,""score"":80.48259750644297},""V5_bo_expansion"":{""value"":0.4556005351634173,""score"":0},""_score"":19.45},""readiness"":{""_distance_atr"":1.12,""BR1_atr_distance"":{""score"":25.31317174412571},""BR2_compression"":{""score"":71.60804781089033},""BR3_retest"":{""score"":50.0},""BR4_bo_age"":{""score"":50.0},""_score"":45.53},""risk"":{""R1_stop_clarity"":{""score"":56.12074716477667},""R2_stop_distance_pct"":{""value"":6.171795800144825,""score"":100.0},""R3_stop_distance_atr"":{""value"":0.9476595508116528,""score"":72.38297754058264},""R4_rr_potential"":{""value"":3.1328425189921703,""score"":100.0},""_score"":80.5},""market"":{""M1_spy_regime"":{""score"":100.0},""M3_earnings_risk"":{""value"":null,""score"":80.0},""M4_vix"":{""value"":null,""score"":60.0},""_score"":84.0},""liquidity"":{""L1_price"":{""value"":13.81,""score"":100.0},""L2_dollar_vol"":{""value"":10654185.608345931,""score"":51.37601292156893},""L3_spread_proxy"":{""value"":0.07368573497465603,""score"":26.31426502534397},""L4_volume_zscore"":{""value"":-1.130470593781106,""score"":100.0},""_score"":73.18},""pattern_structure"":{""top"":14.8176,""top_touches"":3,""low_slope_per_bar"":0.024431603029346848,""lowest_low"":13.155,""structural_low"":13.155,""current_price"":13.95,""neckline_distance_pct"":0.06219354838709687,""base_bars"":64},""pattern_geometry_features"":{""top_touches"":3.0,""low_slope"":0.024431603029346848,""compression"":0.10112399541574979,""atr_pct"":0.06512671976828385},""_schema_version"":""1.0""}",,,,,,,,,,
20260429T042402Z-4f6251,2026-04-29T04:24:02.652419+00:00,HUBS,double_bottom,absent,44.56,5.0,49.1,58.7,45.1,23.0,38.4,78.1,84.0,94.6,0.75,12.29,4.7,6.31,2.99,3.07,4.68,5.04,4.73,False,,225.97,243.62,216.4439,267.5,"{""trend"":{""T1_ema_stack"":{""value"":[false,false,false],""score"":0.0},""T2_ema50_slope"":{""value"":-0.6963097182122404,""score"":0},""T3_high_proximity"":{""value"":0.712591845101069,""score"":0},""T4_rs_1m"":{""value"":-0.14326489080659155,""score"":0},""T5_rs_3m"":{""value"":-0.31638559111660636,""score"":0},""T6_adr_healthy"":{""value"":6.304094366413496,""score"":100.0},""_score"":5.0},""geometry"":{""sub_low_similarity"":46.5,""sub_bounce_quality"":100,""sub_separation_fit"":40.0,""sub_right_bottom_reaction"":21.3,""sub_base_context"":30.0,""_score"":49.15},""compression"":{""VC1_atr_ratio"":{""value"":0.3116302134332543,""score"":100},""VC2_range_contraction"":{""value"":0.8358709648332996,""score"":27.35483919445007},""VC3_range_pct_rank"":{""score"":36.66666666666667},""_score"":58.74},""sr_quality"":{""SR1_touches"":{""value"":2,""score"":25.0},""SR2_tightness"":{""value"":0.6599999999999824,""score"":91.14942528735655},""SR3_recency"":{""value"":254,""score"":0.0},""SR4_price_location"":{""score"":35.56787694509034},""SR5_reaction"":{""value"":2.220186781609195,""score"":100},""_score"":45.06,""_levels_found"":4,""_target_level"":255.99},""volume"":{""V1_rvol_day"":{""value"":0.5815834480309449,""score"":5.4388965353963235},""V2_rvol_sameslot"":{""value"":0.48969070791730723,""score"":0,""status"":""ok""},""V3_breakout_bar"":{""value"":0.8843598586765207,""score"":25.623990578434714},""V4_base_dryup"":{""value"":0.7239277430174345,""score"":77.60722569825656},""V5_bo_expansion"":{""value"":0.581583448030945,""score"":0},""_score"":23.02},""readiness"":{""_distance_atr"":1.183,""BR1_atr_distance"":{""score"":21.104725415070234},""BR2_compression"":{""score"":49.712725883735246},""BR3_retest"":{""score"":50.0},""BR4_bo_age"":{""score"":50.0},""_score"":38.37},""risk"":{""R1_stop_clarity"":{""score"":55.799425287356385},""R2_stop_distance_pct"":{""value"":4.215648094879844,""score"":100.0},""R3_stop_distance_atr"":{""value"":0.6387231800766273,""score"":56.936159003831364},""R4_rr_potential"":{""value"":4.359601515835449,""score"":100.0},""_score"":78.07},""market"":{""M1_spy_regime"":{""score"":100.0},""M3_earnings_risk"":{""value"":null,""score"":80.0},""M4_vix"":{""value"":null,""score"":60.0},""_score"":84.0},""liquidity"":{""L1_price"":{""value"":225.97,""score"":100.0},""L2_dollar_vol"":{""value"":202772513.95828694,""score"":100.0},""L3_spread_proxy"":{""value"":0.0544320042483516,""score"":45.5679957516484},""L4_volume_zscore"":{""value"":-0.8509468761097525,""score"":100.0},""_score"":94.56},""pattern_structure"":{""left_low"":219.74,""left_idx"":34,""right_low"":225.7,""right_idx"":73,""separation_bars"":39,""structural_low"":219.74,""current_price"":227.5,""neckline_distance_pct"":0.07085714285714288,""base_bars"":39},""pattern_geometry_features"":{""low_similarity_pct"":0.026760057471264274,""bounce_pct"":0.10867388732137978,""right_bottom_reaction"":0.2134565338167828,""atr_pct"":0.06600117588301861},""_schema_version"":""1.0""}",,,,,,,,,,
20260429T042402Z-4f6251,2026-04-29T04:24:02.652419+00:00,PRGS,double_bottom,absent,44.55,5.0,43.5,65.6,40.3,26.7,74.4,56.4,84.0,83.6,0.75,10.89,5.25,5.64,3.47,5.95,3.38,5.04,4.18,False,,27.77,27.915,26.4177,29.01,"{""trend"":{""T1_ema_stack"":{""value"":[false,false,false],""score"":0.0},""T2_ema50_slope"":{""value"":-0.7355518929071412,""score"":0},""T3_high_proximity"":{""value"":0.6294197642792385,""score"":0},""T4_rs_1m"":{""value"":-0.11876608136381939,""score"":0},""T5_rs_3m"":{""value"":-0.3567062762997262,""score"":0},""T6_adr_healthy"":{""value"":6.001362569551929,""score"":100.0},""_score"":5.0},""geometry"":{""sub_low_similarity"":68.9,""sub_bounce_quality"":15.5,""sub_separation_fit"":80.0,""sub_right_bottom_reaction"":11.9,""sub_base_context"":30.0,""_score"":43.55},""compression"":{""VC1_atr_ratio"":{""value"":0.4021881802771064,""score"":100},""VC2_range_contraction"":{""value"":0.757972679959739,""score"":40.33788667337683},""VC3_range_pct_rank"":{""score"":45.833333333333336},""_score"":65.58},""sr_quality"":{""SR1_touches"":{""value"":2,""score"":25.0},""SR2_tightness"":{""value"":0.3149999999999995,""score"":56.82755987606287},""SR3_recency"":{""value"":235,""score"":0.0},""SR4_price_location"":{""score"":37.0247933884298},""SR5_reaction"":{""value"":3.1111567962329345,""score"":100},""_score"":40.28,""_levels_found"":5,""_target_level"":29.675},""volume"":{""V1_rvol_day"":{""value"":0.6566072880393368,""score"":10.440485869289118},""V2_rvol_sameslot"":{""value"":0.921377384146182,""score"":28.091825609745463,""status"":""ok""},""V3_breakout_bar"":{""value"":1.0423546960546388,""score"":36.15697973697592},""V4_base_dryup"":{""value"":1.0012687232023685,""score"":49.87312767976315},""V5_bo_expansion"":{""value"":0.6566072880393367,""score"":0},""_score"":26.72},""readiness"":{""_distance_atr"":0.099,""BR1_atr_distance"":{""score"":93.37565733548055},""BR2_compression"":{""score"":78.05111850067463},""BR3_retest"":{""score"":50.0},""BR4_bo_age"":{""score"":50.0},""_score"":74.36},""risk"":{""R1_stop_clarity"":{""score"":44.862626470285875},""R2_stop_distance_pct"":{""value"":4.869643500180049,""score"":100.0},""R3_stop_distance_atr"":{""value"":0.9266998536444486,""score"":71.33499268222243},""R4_rr_potential"":{""value"":0.9169562966797299,""score"":0.0},""_score"":56.4},""market"":{""M1_spy_regime"":{""score"":100.0},""M3_earnings_risk"":{""value"":null,""score"":80.0},""M4_vix"":{""value"":null,""score"":60.0},""_score"":84.0},""liquidity"":{""L1_price"":{""value"":27.77,""score"":100.0},""L2_dollar_vol"":{""value"":23338897.96570419,""score"":68.40401726688792},""L3_spread_proxy"":{""value"":0.03745048613611808,""score"":62.54951386388192},""L4_volume_zscore"":{""value"":-0.7323027625530648,""score"":100.0},""_score"":83.62},""pattern_structure"":{""left_low"":26.82,""left_idx"":66,""right_low"":27.24,""right_idx"":73,""separation_bars"":7,""structural_low"":26.82,""current_price"":27.71,""neckline_distance_pct"":0.00739805124503783,""base_bars"":7},""pattern_geometry_features"":{""low_similarity_pct"":0.01553829078801325,""bounce_pct"":0.04082774049216998,""right_bottom_reaction"":0.11904761904762026,""atr_pct"":0.052548227789495354},""_schema_version"":""1.0""}",,,,,,,,,,
20260429T042402Z-4f6251,2026-04-29T04:24:02.652419+00:00,RBRK,bull_flag,absent,44.49,40.5,17.9,63.4,73.9,26.9,58.7,50.6,84.0,95.1,5.67,5.36,5.71,7.39,3.77,5.29,1.52,5.04,4.75,False,,54.58,55.82,49.1332,60.325,"{""trend"":{""T1_ema_stack"":{""value"":[true,false,false],""score"":33.33333333333333},""T2_ema50_slope"":{""value"":-0.2276563628850834,""score"":12.0572728524861},""T3_high_proximity"":{""value"":0.8637442633328059,""score"":31.872131666402904},""T4_rs_1m"":{""value"":0.07114712124564249,""score"":100},""T5_rs_3m"":{""value"":-0.14664660828834064,""score"":0},""T6_adr_healthy"":{""value"":6.320690259223191,""score"":100.0},""_score"":40.53},""geometry"":{""sub_pole_impulse"":9.5,""sub_flag_tightness"":0,""sub_flag_shallowness"":0,""sub_flag_drift"":100,""sub_flag_duration"":0.0,""_score"":17.85},""compression"":{""VC1_atr_ratio"":{""value"":0.4128921091635656,""score"":100},""VC2_range_contraction"":{""value"":0.7734978519669184,""score"":37.7503580055136},""VC3_range_pct_rank"":{""score"":40.833333333333336},""_score"":63.42},""sr_quality"":{""SR1_touches"":{""value"":5,""score"":100},""SR2_tightness"":{""value"":0.6366444860359662,""score"":63.27873235318111},""SR3_recency"":{""value"":226,""score"":0.0},""SR4_price_location"":{""score"":77.7287335610359},""SR5_reaction"":{""value"":2.2600805039530982,""score"":100},""_score"":73.92,""_levels_found"":6,""_target_level"":55.905},""volume"":{""V1_rvol_day"":{""value"":0.7909933219730817,""score"":19.399554798205447},""V2_rvol_sameslot"":{""value"":0.8247588134004723,""score"":21.650587560031486,""status"":""ok""},""V3_breakout_bar"":{""value"":0.9284979267600404,""score"":28.56652845066936},""V4_base_dryup"":{""value"":0.9227681090027148,""score"":57.72318909972852},""V5_bo_expansion"":{""value"":0.7909933219730817,""score"":0},""_score"":26.9},""readiness"":{""_distance_atr"":0.358,""BR1_atr_distance"":{""score"":76.15918413871616},""BR2_compression"":{""score"":43.08258576691236},""BR3_retest"":{""score"":50.0},""BR4_bo_age"":{""score"":50.0},""_score"":58.73},""risk"":{""R1_stop_clarity"":{""score"":56.84306673093794},""R2_stop_distance_pct"":{""value"":9.979518138512276,""score"":50.5120465371931},""R3_stop_distance_atr"":{""value"":1.5708466510932304,""score"":100.0},""R4_rr_potential"":{""value"":1.0547436752557142,""score"":2.737183762785711},""_score"":50.6},""market"":{""M1_spy_regime"":{""score"":100.0},""M3_earnings_risk"":{""value"":null,""score"":80.0},""M4_vix"":{""value"":null,""score"":60.0},""_score"":84.0},""liquidity"":{""L1_price"":{""value"":54.58,""score"":100.0},""L2_dollar_vol"":{""value"":148621985.13112444,""score"":100.0},""L3_spread_proxy"":{""value"":0.04928362037376331,""score"":50.71637962623669},""L4_volume_zscore"":{""value"":-0.5470996234492316,""score"":100.0},""_score"":95.07},""pattern_structure"":{""pole_low"":51.315,""pole_low_idx"":5,""peak_price"":55.82,""peak_idx"":30,""pole_gain"":0.08779109422196245,""flag_bars"":29,""flag_low"":49.8814,""flag_high"":55.8,""structural_low"":49.8814,""current_price"":55.0301,""neckline_distance_pct"":0.014353962649531855,""base_bars"":29},""pattern_geometry_features"":{""pole_gain"":0.08779109422196245,""pullback_pct"":0.10638839125761378,""flag_range_pct"":0.10603009673951985,""flag_drift_per_bar"":0.0009243593271118155,""atr_pct"":0.06352955033240852,""pole_atr_multiple"":1.3818938393646605},""_schema_version"":""1.0""}",,,,,,,,,,
20260429T042402Z-4f6251,2026-04-29T04:24:02.652419+00:00,QTWO,bull_flag,absent,44.37,22.5,18.4,50.7,62.3,73.1,35.4,63.9,84.0,90.4,3.15,5.53,4.56,6.23,10.24,3.18,1.92,5.04,4.52,False,,50.16,53.11,46.4526,56.4,"{""trend"":{""T1_ema_stack"":{""value"":[true,false,false],""score"":33.33333333333333},""T2_ema50_slope"":{""value"":-0.21681114276306734,""score"":13.864809539488775},""T3_high_proximity"":{""value"":0.7706252880626824,""score"":0},""T4_rs_1m"":{""value"":-0.018020790692818922,""score"":31.97920930718108},""T5_rs_3m"":{""value"":-0.2532591567532301,""score"":0},""T6_adr_healthy"":{""value"":4.0466300018014305,""score"":100.0},""_score"":22.5},""geometry"":{""sub_pole_impulse"":13.3,""sub_flag_tightness"":0,""sub_flag_shallowness"":0,""sub_flag_drift"":96.3,""sub_flag_duration"":0.0,""_score"":18.43},""compression"":{""VC1_atr_ratio"":{""value"":0.6868687242315061,""score"":78.28281894212347},""VC2_range_contraction"":{""value"":0.9326164077101564,""score"":11.230598714973931},""VC3_range_pct_rank"":{""score"":61.66666666666667},""_score"":50.66},""sr_quality"":{""SR1_touches"":{""value"":3,""score"":50.0},""SR2_tightness"":{""value"":0.12970050972229244,""score"":87.98870755011018},""SR3_recency"":{""value"":235,""score"":0.0},""SR4_price_location"":{""score"":76.35183850036049},""SR5_reaction"":{""value"":2.562152031310292,""score"":100},""_score"":62.29,""_levels_found"":7,""_target_level"":51.2533},""volume"":{""V1_rvol_day"":{""value"":1.3141030259209046,""score"":54.27353506139364},""V2_rvol_sameslot"":{""value"":1.9046983213104787,""score"":93.64655475403191,""status"":""ok""},""V3_breakout_bar"":{""value"":1.765690684926757,""score"":84.37937899511714},""V4_base_dryup"":{""value"":0.5347942801659622,""score"":96.52057198340378},""V5_bo_expansion"":{""value"":1.3141030259209046,""score"":20.940201728060302},""_score"":73.12},""readiness"":{""_distance_atr"":1.366,""BR1_atr_distance"":{""score"":8.935560332947375},""BR2_compression"":{""score"":57.210180832663205},""BR3_retest"":{""score"":50.0},""BR4_bo_age"":{""score"":50.0},""_score"":35.38},""risk"":{""R1_stop_clarity"":{""score"":34.489168182569884},""R2_stop_distance_pct"":{""value"":7.391148325358851,""score"":100.0},""R3_stop_distance_atr"":{""value"":1.7166727302794775,""score"":100.0},""R4_rr_potential"":{""value"":1.683120245994498,""score"":34.1560122997249},""_score"":63.9},""market"":{""M1_spy_regime"":{""score"":100.0},""M3_earnings_risk"":{""value"":null,""score"":80.0},""M4_vix"":{""value"":null,""score"":60.0},""_score"":84.0},""liquidity"":{""L1_price"":{""value"":50.16,""score"":100.0},""L2_dollar_vol"":{""value"":46331300.45989632,""score"":83.29372452303332},""L3_spread_proxy"":{""value"":0.029206539074960056,""score"":70.79346092503994},""L4_volume_zscore"":{""value"":1.0993104879440965,""score"":100.0},""_score"":90.4},""pattern_structure"":{""pole_low"":49.82,""pole_low_idx"":5,""peak_price"":53.11,""peak_idx"":30,""pole_gain"":0.06603773584905659,""flag_bars"":29,""flag_low"":47.16,""flag_high"":52.79,""structural_low"":47.16,""current_price"":50.23,""neckline_distance_pct"":0.05733625323511851,""base_bars"":29},""pattern_geometry_features"":{""pole_gain"":0.06603773584905659,""pullback_pct"":0.1120316324609302,""flag_range_pct"":0.10600640180756925,""flag_drift_per_bar"":-0.0007410983368132384,""atr_pct"":0.04305508088402825,""pole_atr_multiple"":1.5337965808712255},""_schema_version"":""1.0""}",,,,,,,,,,
20260429T042402Z-4f6251,2026-04-29T04:24:02.652419+00:00,KTOS,vcp,invalidated,44.29,13.3,38.2,73.0,54.0,27.3,39.0,27.5,84.0,96.0,2.0,9.55,8.76,6.48,3.55,2.73,1.38,5.04,4.8,False,,61.66,79.44,66.4186,118.68,"{""trend"":{""T1_ema_stack"":{""value"":[false,false,true],""score"":33.33333333333333},""T2_ema50_slope"":{""value"":-0.8107012796643038,""score"":0},""T3_high_proximity"":{""value"":0.5472619153279489,""score"":0},""T4_rs_1m"":{""value"":-0.2652769622639469,""score"":0},""T5_rs_3m"":{""value"":-0.5010161217618374,""score"":0},""T6_adr_healthy"":{""value"":6.2444813747444945,""score"":100.0},""_score"":13.33},""geometry"":{""sub_contraction_count"":100.0,""sub_reduction_rate"":0,""sub_pivot_tightness"":0,""sub_volume_dryup"":0,""sub_base_depth"":32.1,""sub_base_duration"":100.0,""_score"":38.21},""compression"":{""VC1_atr_ratio"":{""value"":0.3231927593819592,""score"":100},""VC2_range_contraction"":{""value"":0.8163712057671101,""score"":30.60479903881499},""VC3_range_pct_rank"":{""score"":89.16666666666666},""_score"":73.0},""sr_quality"":{""SR1_touches"":{""value"":2,""score"":25.0},""SR2_tightness"":{""value"":0.4799999999999969,""score"":76.30883130618736},""SR3_recency"":{""value"":238,""score"":0.0},""SR4_price_location"":{""score"":80.30671602326814},""SR5_reaction"":{""value"":3.4512603560726247,""score"":100},""_score"":54.02,""_levels_found"":6,""_target_level"":64.32},""volume"":{""V1_rvol_day"":{""value"":0.8368132668940252,""score"":22.454217792935015},""V2_rvol_sameslot"":{""value"":0.6921410073446078,""score"":12.80940048964052,""status"":""ok""},""V3_breakout_bar"":{""value"":0.8952563369626332,""score"":26.350422464175544},""V4_base_dryup"":{""value"":0.8158982912135034,""score"":68.41017087864965},""V5_bo_expansion"":{""value"":0.8368132668940252,""score"":0},""_score"":27.32},""readiness"":{""_distance_atr"":4.388,""BR1_atr_distance"":{""score"":0},""BR2_compression"":{""score"":85.91896619231134},""BR3_retest"":{""score"":50.0},""BR4_bo_age"":{""score"":50.0},""_score"":38.98},""risk"":{""R1_stop_clarity"":{""score"":50.07826546800652},""R2_stop_distance_pct"":{""value"":-7.717401881284486,""score"":0.0},""R3_stop_distance_atr"":{""value"":-1.174329279041075,""score"":0.0},""R4_rr_potential"":{""value"":null,""score"":50.0},""_score"":27.53},""market"":{""M1_spy_regime"":{""score"":100.0},""M3_earnings_risk"":{""value"":null,""score"":80.0},""M4_vix"":{""value"":null,""score"":60.0},""_score"":84.0},""liquidity"":{""L1_price"":{""value"":61.66,""score"":100.0},""L2_dollar_vol"":{""value"":201880332.38213477,""score"":100.0},""L3_spread_proxy"":{""value"":0.040220564385339025,""score"":59.779435614660976},""L4_volume_zscore"":{""value"":-0.5383334784232194,""score"":100.0},""_score"":95.98},""pattern_structure"":{""n_contractions"":5,""contractions_pct"":[21.25,16.07,8.84,34.1,15.12],""descending_strict"":false,""final_low"":67.43,""final_pivot"":79.44,""structural_low"":67.43,""dry_up_ratio"":1.0694811803969146,""current_price"":61.66,""neckline_distance_pct"":0.288355497891664,""base_bars"":34},""pattern_geometry_features"":{""contraction_count"":5.0,""first_contraction_pct"":0.21252460860598107,""last_contraction_pct"":0.15118328298086595,""dry_up_ratio"":1.0694811803969146,""near_monotone"":0.0,""base_depth_pct"":0.36786350426549164},""_schema_version"":""1.0""}",,,,,,,,,,
20260429T042402Z-4f6251,2026-04-29T04:24:02.652419+00:00,SAIL,vcp,forming,44.01,5.0,55.3,53.5,37.6,23.9,35.1,76.8,84.0,81.5,0.75,13.81,6.42,4.52,3.1,2.46,3.84,5.04,4.07,False,,11.52,12.84,11.229,19.96,"{""trend"":{""T1_ema_stack"":{""value"":[false,false,false],""score"":0.0},""T2_ema50_slope"":{""value"":-0.7747072933065619,""score"":0},""T3_high_proximity"":{""value"":0.6662810873337189,""score"":0},""T4_rs_1m"":{""value"":-0.1436205455719476,""score"":0},""T5_rs_3m"":{""value"":-0.3941285391211987,""score"":0},""T6_adr_healthy"":{""value"":6.514388826781804,""score"":100.0},""_score"":5.0},""geometry"":{""sub_contraction_count"":100.0,""sub_reduction_rate"":27.7,""sub_pivot_tightness"":0,""sub_volume_dryup"":78.5,""sub_base_depth"":15.6,""sub_base_duration"":100.0,""_score"":55.26},""compression"":{""VC1_atr_ratio"":{""value"":0.3028858605436491,""score"":100},""VC2_range_contraction"":{""value"":0.8437706384637538,""score"":26.038226922707707},""VC3_range_pct_rank"":{""score"":17.500000000000004},""_score"":53.49},""sr_quality"":{""SR1_touches"":{""value"":2,""score"":25.0},""SR2_tightness"":{""value"":0.01499999999999968,""score"":96.32545931758538},""SR3_recency"":{""value"":187,""score"":0.0},""SR4_price_location"":{""score"":4.395604395604307},""SR5_reaction"":{""value"":1.9475065616797904,""score"":97.37532808398952},""_score"":37.65,""_levels_found"":7,""_target_level"":12.825},""volume"":{""V1_rvol_day"":{""value"":0.7934479183921732,""score"":19.563194559478212},""V2_rvol_sameslot"":{""value"":0.7879439801518826,""score"":19.19626534345884,""status"":""ok""},""V3_breakout_bar"":{""value"":1.4665773762279932,""score"":64.43849174853288},""V4_base_dryup"":{""value"":1.5519052472630441,""score"":0},""V5_bo_expansion"":{""value"":0.7934479183921732,""score"":0},""_score"":23.86},""readiness"":{""_distance_atr"":1.617,""BR1_atr_distance"":{""score"":0},""BR2_compression"":{""score"":70.51111838875659},""BR3_retest"":{""score"":50.0},""BR4_bo_age"":{""score"":50.0},""_score"":35.13},""risk"":{""R1_stop_clarity"":{""score"":58.110236220472586},""R2_stop_distance_pct"":{""value"":2.5260416666666545,""score"":100.0},""R3_stop_distance_atr"":{""value"":0.3564304461942241,""score"":42.8215223097112},""R4_rr_potential"":{""value"":29.003436426116984,""score"":100.0},""_score"":76.76},""market"":{""M1_spy_regime"":{""score"":100.0},""M3_earnings_risk"":{""value"":null,""score"":80.0},""M4_vix"":{""value"":null,""score"":60.0},""_score"":84.0},""liquidity"":{""L1_price"":{""value"":11.52,""score"":100.0},""L2_dollar_vol"":{""value"":27915550.87366656,""score"":72.2923101227257},""L3_spread_proxy"":{""value"":0.07465277777777773,""score"":25.34722222222227},""L4_volume_zscore"":{""value"":-0.477384985235948,""score"":100.0},""_score"":81.45},""pattern_structure"":{""n_contractions"":5,""contractions_pct"":[25.94,22.01,28.26,23.87,11.21],""descending_strict"":false,""final_low"":11.4,""final_pivot"":12.84,""structural_low"":11.4,""dry_up_ratio"":0.6075729336427174,""current_price"":11.52,""neckline_distance_pct"":0.11458333333333336,""base_bars"":59},""pattern_geometry_features"":{""contraction_count"":5.0,""first_contraction_pct"":0.25944924406047515,""last_contraction_pct"":0.11214953271028033,""dry_up_ratio"":0.6075729336427174,""near_monotone"":0.0,""base_depth_pct"":0.38444924406047515},""_schema_version"":""1.0""}",,,,,,,,,,
20260429T042402Z-4f6251,2026-04-29T04:24:02.652419+00:00,AGYS,vcp,absent,43.82,5.0,39.0,58.7,56.0,24.8,52.0,76.0,84.0,76.8,0.75,9.76,7.04,6.73,3.22,3.64,3.8,5.04,3.84,False,,66.49,69.83,60.9961,129.305,"{""trend"":{""T1_ema_stack"":{""value"":[false,false,false],""score"":0.0},""T2_ema50_slope"":{""value"":-0.6416529193152151,""score"":0},""T3_high_proximity"":{""value"":0.744985994397759,""score"":0},""T4_rs_1m"":{""value"":-0.17751723607145464,""score"":0},""T5_rs_3m"":{""value"":-0.2915077661757908,""score"":0},""T6_adr_healthy"":{""value"":4.724871785558253,""score"":100.0},""_score"":5.0},""geometry"":{""sub_contraction_count"":100.0,""sub_reduction_rate"":0,""sub_pivot_tightness"":0,""sub_volume_dryup"":27.0,""sub_base_depth"":0.0,""sub_base_duration"":100.0,""_score"":39.05},""compression"":{""VC1_atr_ratio"":{""value"":0.39396843369905193,""score"":100},""VC2_range_contraction"":{""value"":0.9371252418353023,""score"":10.479126360782946},""VC3_range_pct_rank"":{""score"":60.0},""_score"":58.67},""sr_quality"":{""SR1_touches"":{""value"":3,""score"":50.0},""SR2_tightness"":{""value"":0.7442221890448231,""score"":49.57563624268906},""SR3_recency"":{""value"":242,""score"":0.0},""SR4_price_location"":{""score"":74.44487728866362},""SR5_reaction"":{""value"":2.8682716404884445,""score"":100},""_score"":56.05,""_levels_found"":7,""_target_level"":68.13},""volume"":{""V1_rvol_day"":{""value"":0.5687388135620328,""score"":4.582587570802188},""V2_rvol_sameslot"":{""value"":0.4289837795975736,""score"":0,""status"":""ok""},""V3_breakout_bar"":{""value"":1.2030181824013888,""score"":46.86787882675925},""V4_base_dryup"":{""value"":0.892234873429746,""score"":60.77651265702541},""V5_bo_expansion"":{""value"":0.5687388135620328,""score"":0},""_score"":24.79},""readiness"":{""_distance_atr"":1.131,""BR1_atr_distance"":{""score"":24.566714336760498},""BR2_compression"":{""score"":98.55679980591907},""BR3_retest"":{""score"":50.0},""BR4_bo_age"":{""score"":50.0},""_score"":51.97},""risk"":{""R1_stop_clarity"":{""score"":37.06458692774728},""R2_stop_distance_pct"":{""value"":8.262708677996686,""score"":93.43228305008284},""R3_stop_distance_atr"":{""value"":1.8611723455380051,""score"":100.0},""R4_rr_potential"":{""value"":11.433642010420707,""score"":100.0},""_score"":76.0},""market"":{""M1_spy_regime"":{""score"":100.0},""M3_earnings_risk"":{""value"":null,""score"":80.0},""M4_vix"":{""value"":null,""score"":60.0},""_score"":84.0},""liquidity"":{""L1_price"":{""value"":66.49,""score"":100.0},""L2_dollar_vol"":{""value"":10275756.061803209,""score"":50.59068929572233},""L3_spread_proxy"":{""value"":0.034591667919987926,""score"":65.40833208001207},""L4_volume_zscore"":{""value"":-1.1123832284414827,""score"":100.0},""_score"":76.78},""pattern_structure"":{""n_contractions"":5,""contractions_pct"":[13.36,29.03,18.24,7.43,11.32],""descending_strict"":false,""final_low"":61.925,""final_pivot"":69.83,""structural_low"":61.925,""dry_up_ratio"":0.8648630607755554,""current_price"":66.49,""neckline_distance_pct"":0.05023311776206954,""base_bars"":72},""pattern_geometry_features"":{""contraction_count"":5.0,""first_contraction_pct"":0.13360790774299833,""last_contraction_pct"":0.11320349420020051,""dry_up_ratio"":0.8648630607755554,""near_monotone"":0.0,""base_depth_pct"":0.4899093904448106},""_schema_version"":""1.0""}",,,,,,,,,,
20260429T042402Z-4f6251,2026-04-29T04:24:02.652419+00:00,BTU,double_bottom,absent,43.73,13.3,32.8,82.5,51.6,15.3,52.0,67.6,84.0,89.4,2.0,8.2,6.6,7.22,1.99,4.16,4.05,5.04,4.47,False,,26.9,28.01,24.822,30.82,"{""trend"":{""T1_ema_stack"":{""value"":[false,false,true],""score"":33.33333333333333},""T2_ema50_slope"":{""value"":-0.7224493265689637,""score"":0},""T3_high_proximity"":{""value"":0.6810126582278481,""score"":0},""T4_rs_1m"":{""value"":-0.4413674455429101,""score"":0},""T5_rs_3m"":{""value"":-0.2779341050050207,""score"":0},""T6_adr_healthy"":{""value"":4.707876403503302,""score"":100.0},""_score"":13.33},""geometry"":{""sub_low_similarity"":1.3,""sub_bounce_quality"":100,""sub_separation_fit"":6.7,""sub_right_bottom_reaction"":36.1,""sub_base_context"":30.0,""_score"":32.81},""compression"":{""VC1_atr_ratio"":{""value"":0.3611163032518204,""score"":100},""VC2_range_contraction"":{""value"":0.6218766410411789,""score"":63.02055982647019},""VC3_range_pct_rank"":{""score"":81.66666666666667},""_score"":82.47},""sr_quality"":{""SR1_touches"":{""value"":2,""score"":25.0},""SR2_tightness"":{""value"":0.2599999999999998,""score"":58.150818013543535},""SR3_recency"":{""value"":310,""score"":0.0},""SR4_price_location"":{""score"":81.34715025906738},""SR5_reaction"":{""value"":3.045533979466308,""score"":100},""_score"":51.56,""_levels_found"":6,""_target_level"":27.26},""volume"":{""V1_rvol_day"":{""value"":0.5221329423825813,""score"":1.4755294921720896},""V2_rvol_sameslot"":{""value"":0.47498681432692713,""score"":0,""status"":""ok""},""V3_breakout_bar"":{""value"":1.0840461482079118,""score"":38.93640988052745},""V4_base_dryup"":{""value"":1.2369316833576836,""score"":26.30683166423165},""V5_bo_expansion"":{""value"":0.5221329423825812,""score"":0},""_score"":15.29},""readiness"":{""_distance_atr"":0.893,""BR1_atr_distance"":{""score"":40.44539486542713},""BR2_compression"":{""score"":73.26888592279911},""BR3_retest"":{""score"":50.0},""BR4_bo_age"":{""score"":50.0},""_score"":52.0},""risk"":{""R1_stop_clarity"":{""score"":39.15772772738245},""R2_stop_distance_pct"":{""value"":7.7249070631970245,""score"":100.0},""R3_stop_distance_atr"":{""value"":1.6723576955357036,""score"":100.0},""R4_rr_potential"":{""value"":1.8864292589027942,""score"":44.321462945139714},""_score"":67.57},""market"":{""M1_spy_regime"":{""score"":100.0},""M3_earnings_risk"":{""value"":null,""score"":80.0},""M4_vix"":{""value"":null,""score"":60.0},""_score"":84.0},""liquidity"":{""L1_price"":{""value"":26.9,""score"":100.0},""L2_dollar_vol"":{""value"":44236967.234375894,""score"":82.2892672636982},""L3_spread_proxy"":{""value"":0.034758364312267614,""score"":65.24163568773238},""L4_volume_zscore"":{""value"":-1.181199509164961,""score"":100.0},""_score"":89.44},""pattern_structure"":{""left_low"":25.2,""left_idx"":32,""right_low"":26.475,""right_idx"":76,""separation_bars"":44,""structural_low"":25.2,""current_price"":26.77,""neckline_distance_pct"":0.046320508031378486,""base_bars"":44},""pattern_geometry_features"":{""low_similarity_pct"":0.049346879535558864,""bounce_pct"":0.1115079365079366,""right_bottom_reaction"":0.36111111111109906,""atr_pct"":0.04619171534784918},""_schema_version"":""1.0""}",,,,,,,,,,
20260429T042402Z-4f6251,2026-04-29T04:24:02.652419+00:00,APPF,vcp,breakout_confirmed,43.6,15.7,35.0,45.0,39.5,46.7,58.1,50.9,84.0,92.6,2.35,8.75,5.4,4.74,6.07,4.07,2.54,5.04,4.63,False,,168.78,163.73,140.589,260.86,"{""trend"":{""T1_ema_stack"":{""value"":[true,false,false],""score"":33.33333333333333},""T2_ema50_slope"":{""value"":-0.4530448760936863,""score"":0},""T3_high_proximity"":{""value"":0.7742201834862386,""score"":0},""T4_rs_1m"":{""value"":-0.03823313563098418,""score"":11.76686436901582},""T5_rs_3m"":{""value"":-0.24212103346898217,""score"":0},""T6_adr_healthy"":{""value"":4.401218251134691,""score"":100.0},""_score"":15.69},""geometry"":{""sub_contraction_count"":100.0,""sub_reduction_rate"":0,""sub_pivot_tightness"":0,""sub_volume_dryup"":0,""sub_base_depth"":0.0,""sub_base_duration"":100.0,""_score"":35.0},""compression"":{""VC1_atr_ratio"":{""value"":0.4313782401631773,""score"":100},""VC2_range_contraction"":{""value"":1.03983537568413,""score"":0},""VC3_range_pct_rank"":{""score"":19.999999999999996},""_score"":45.0},""sr_quality"":{""SR1_touches"":{""value"":2,""score"":25.0},""SR2_tightness"":{""value"":0.35999999999999943,""score"":90.81045748058847},""SR3_recency"":{""value"":288,""score"":0.0},""SR4_price_location"":{""score"":13.467656415694588},""SR5_reaction"":{""value"":2.179804156991665,""score"":100},""_score"":39.49,""_levels_found"":5,""_target_level"":209.58},""volume"":{""V1_rvol_day"":{""value"":1.2814824754964422,""score"":52.09883169976281},""V2_rvol_sameslot"":{""value"":1.3282906290230774,""score"":55.21937526820516,""status"":""ok""},""V3_breakout_bar"":{""value"":1.1401353265145513,""score"":42.675688434303424},""V4_base_dryup"":{""value"":0.9107543235499209,""score"":58.92456764500791},""V5_bo_expansion"":{""value"":1.2814824754964422,""score"":18.76549836642948},""_score"":46.73},""readiness"":{""_distance_atr"":-0.645,""BR1_atr_distance"":{""score"":47.10911396582544},""BR2_compression"":{""score"":87.1362273332385},""BR3_retest"":{""score"":50.0},""BR4_bo_age"":{""score"":50.0},""_score"":58.13},""risk"":{""R1_stop_clarity"":{""score"":45.34902484184952},""R2_stop_distance_pct"":{""value"":16.702778765256557,""score"":0.0},""R3_stop_distance_atr"":{""value"":3.5980824123278463,""score"":100.0},""R4_rr_potential"":{""value"":3.266296453294407,""score"":100.0},""_score"":50.87},""market"":{""M1_spy_regime"":{""score"":100.0},""M3_earnings_risk"":{""value"":null,""score"":80.0},""M4_vix"":{""value"":null,""score"":60.0},""_score"":84.0},""liquidity"":{""L1_price"":{""value"":168.78,""score"":100.0},""L2_dollar_vol"":{""value"":75213217.06577167,""score"":93.81470824923244},""L3_spread_proxy"":{""value"":0.04959118378954855,""score"":50.40881621045145},""L4_volume_zscore"":{""value"":0.6425788811613041,""score"":100.0},""_score"":92.57},""pattern_structure"":{""n_contractions"":5,""contractions_pct"":[12.47,22.18,11.98,22.34,12.83],""descending_strict"":false,""final_low"":142.73,""final_pivot"":163.73,""structural_low"":142.73,""dry_up_ratio"":1.1434657751585768,""current_price"":168.78,""neckline_distance_pct"":-0.029920606706955868,""base_bars"":64},""pattern_geometry_features"":{""contraction_count"":5.0,""first_contraction_pct"":0.12473943133494544,""last_contraction_pct"":0.12825994014536127,""dry_up_ratio"":1.1434657751585768,""near_monotone"":0.0,""base_depth_pct"":0.40494455098807647},""_schema_version"":""1.0""}",,,,,,,,,,
20260429T042402Z-4f6251,2026-04-29T04:24:02.652419+00:00,PAR,double_bottom,forming,43.53,6.1,62.6,54.6,41.4,3.4,35.4,80.5,84.0,73.2,0.92,15.65,4.37,5.79,0.44,2.83,4.83,5.04,3.66,False,,13.81,15.31,12.9577,17.465,"{""trend"":{""T1_ema_stack"":{""value"":[false,false,false],""score"":0.0},""T2_ema50_slope"":{""value"":-1.3792834431015988,""score"":0},""T3_high_proximity"":{""value"":0.48371278458844136,""score"":0},""T4_rs_1m"":{""value"":-0.04431609128051606,""score"":5.683908719483945},""T5_rs_3m"":{""value"":-0.5320086896805309,""score"":0},""T6_adr_healthy"":{""value"":6.85179246774166,""score"":100.0},""_score"":6.14},""geometry"":{""sub_low_similarity"":58.6,""sub_bounce_quality"":100,""sub_separation_fit"":26.7,""sub_right_bottom_reaction"":100,""sub_base_context"":30.0,""_score"":62.59},""compression"":{""VC1_atr_ratio"":{""value"":0.3589978021069817,""score"":100},""VC2_range_contraction"":{""value"":0.8635949919795278,""score"":22.73416800341203},""VC3_range_pct_rank"":{""score"":26.66666666666667},""_score"":54.62},""sr_quality"":{""SR1_touches"":{""value"":2,""score"":25.0},""SR2_tightness"":{""value"":0.019999999999999574,""score"":95.5525906159663},""SR3_recency"":{""value"":258,""score"":0.0},""SR4_price_location"":{""score"":18.16976127320956},""SR5_reaction"":{""value"":3.885923949299533,""score"":100},""_score"":41.38,""_levels_found"":4,""_target_level"":19.98},""volume"":{""V1_rvol_day"":{""value"":0.4556005351634173,""score"":0},""V2_rvol_sameslot"":{""value"":0.22509334442281156,""score"":0,""status"":""ok""},""V3_breakout_bar"":{""value"":0.7012936130018973,""score"":13.419574200126485},""V4_base_dryup"":{""value"":1.5801272764661547,""score"":0},""V5_bo_expansion"":{""value"":0.4556005351634173,""score"":0},""_score"":3.35},""readiness"":{""_distance_atr"":1.668,""BR1_atr_distance"":{""score"":0},""BR2_compression"":{""score"":71.60804781089033},""BR3_retest"":{""score"":50.0},""BR4_bo_age"":{""score"":50.0},""_score"":35.4},""risk"":{""R1_stop_clarity"":{""score"":56.12074716477667},""R2_stop_distance_pct"":{""value"":6.171795800144825,""score"":100.0},""R3_stop_distance_atr"":{""value"":0.9476595508116528,""score"":72.38297754058264},""R4_rr_potential"":{""value"":4.28827031942041,""score"":100.0},""_score"":80.5},""market"":{""M1_spy_regime"":{""score"":100.0},""M3_earnings_risk"":{""value"":null,""score"":80.0},""M4_vix"":{""value"":null,""score"":60.0},""_score"":84.0},""liquidity"":{""L1_price"":{""value"":13.81,""score"":100.0},""L2_dollar_vol"":{""value"":10654185.608345931,""score"":51.37601292156893},""L3_spread_proxy"":{""value"":0.07368573497465603,""score"":26.31426502534397},""L4_volume_zscore"":{""value"":-1.130470593781106,""score"":100.0},""_score"":73.18},""pattern_structure"":{""left_low"":13.43,""left_idx"":19,""right_low"":13.155,""right_idx"":60,""separation_bars"":41,""structural_low"":13.155,""current_price"":13.95,""neckline_distance_pct"":0.09749103942652339,""base_bars"":41},""pattern_geometry_features"":{""low_similarity_pct"":0.02068835809667108,""bounce_pct"":0.16381603952869642,""right_bottom_reaction"":1.0,""atr_pct"":0.06512671976828385},""_schema_version"":""1.0""}",,,,,,,,,,
20260429T042402Z-4f6251,2026-04-29T04:24:02.652419+00:00,LBRDA,vcp,invalidated,43.51,20.1,41.1,6.0,54.2,73.9,42.5,28.9,84.0,78.5,3.01,10.28,0.72,6.51,9.6,2.98,1.44,5.04,3.92,False,,40.18,52.175,47.7233,53.565,"{""trend"":{""T1_ema_stack"":{""value"":[false,false,false],""score"":0.0},""T2_ema50_slope"":{""value"":0.09783894221560362,""score"":66.30649036926727},""T3_high_proximity"":{""value"":0.6990257480862909,""score"":0},""T4_rs_1m"":{""value"":-0.3339185653092197,""score"":0},""T5_rs_3m"":{""value"":-0.07565142073038222,""score"":12.174289634808886},""T6_adr_healthy"":{""value"":5.396031747406582,""score"":100.0},""_score"":20.09},""geometry"":{""sub_contraction_count"":100.0,""sub_reduction_rate"":0,""sub_pivot_tightness"":40.9,""sub_volume_dryup"":0,""sub_base_depth"":0.0,""sub_base_duration"":100.0,""_score"":41.13},""compression"":{""VC1_atr_ratio"":{""value"":1.178012673920483,""score"":0},""VC2_range_contraction"":{""value"":1.8972592112653914,""score"":0},""VC3_range_pct_rank"":{""score"":24.16666666666667},""_score"":6.04},""sr_quality"":{""SR1_touches"":{""value"":2,""score"":25.0},""SR2_tightness"":{""value"":0.3200000000000003,""score"":79.6848429883233},""SR3_recency"":{""value"":282,""score"":0.0},""SR4_price_location"":{""score"":79.14522163020067},""SR5_reaction"":{""value"":2.084684276159167,""score"":100},""_score"":54.24,""_levels_found"":7,""_target_level"":42.37},""volume"":{""V1_rvol_day"":{""value"":1.7775175117711295,""score"":85.1678341180753},""V2_rvol_sameslot"":{""value"":2.4971758800255115,""score"":100,""status"":""ok""},""V3_breakout_bar"":{""value"":1.6462667004042786,""score"":76.4177800269519},""V4_base_dryup"":{""value"":1.0028524043606712,""score"":49.71475956393287},""V5_bo_expansion"":{""value"":1.7775175117711295,""score"":51.83450078474196},""_score"":73.86},""readiness"":{""_distance_atr"":3.808,""BR1_atr_distance"":{""score"":0},""BR2_compression"":{""score"":100},""BR3_retest"":{""score"":50.0},""BR4_bo_age"":{""score"":50.0},""_score"":42.5},""risk"":{""R1_stop_clarity"":{""score"":53.86237388051223},""R2_stop_distance_pct"":{""value"":-18.77364360378298,""score"":0.0},""R3_stop_distance_atr"":{""value"":-2.394411064505159,""score"":0.0},""R4_rr_potential"":{""value"":null,""score"":50.0},""_score"":28.85},""market"":{""M1_spy_regime"":{""score"":100.0},""M3_earnings_risk"":{""value"":null,""score"":80.0},""M4_vix"":{""value"":null,""score"":60.0},""_score"":84.0},""liquidity"":{""L1_price"":{""value"":40.18,""score"":100.0},""L2_dollar_vol"":{""value"":13410134.25573626,""score"":56.37165629091534},""L3_spread_proxy"":{""value"":0.04094076655052273,""score"":59.05923344947727},""L4_volume_zscore"":{""value"":1.0419399160418834,""score"":100.0},""_score"":78.45},""pattern_structure"":{""n_contractions"":5,""contractions_pct"":[4.67,14.48,10.11,12.31,7.14],""descending_strict"":false,""final_low"":48.45,""final_pivot"":52.175,""structural_low"":48.45,""dry_up_ratio"":1.3154005934924704,""current_price"":40.18,""neckline_distance_pct"":0.29853160776505716,""base_bars"":75},""pattern_geometry_features"":{""contraction_count"":5.0,""first_contraction_pct"":0.046749598715890954,""last_contraction_pct"":0.07139434595112591,""dry_up_ratio"":1.3154005934924704,""near_monotone"":0.0,""base_depth_pct"":0.02788924558587481},""_schema_version"":""1.0""}",,,,,,,,,,
20260429T042402Z-4f6251,2026-04-29T04:24:02.652419+00:00,PAR,breakout_retest_hold,retest_hold,43.49,6.1,33.5,54.6,41.4,20.2,82.4,46.6,84.0,73.2,0.86,7.37,3.28,5.79,2.63,14.83,2.33,4.2,2.2,False,,13.81,13.63,13.7511,13.11,"{""trend"":{""T1_ema_stack"":{""value"":[false,false,false],""score"":0.0},""T2_ema50_slope"":{""value"":-1.3792834431015988,""score"":0},""T3_high_proximity"":{""value"":0.48371278458844136,""score"":0},""T4_rs_1m"":{""value"":-0.04431609128051606,""score"":5.683908719483945},""T5_rs_3m"":{""value"":-0.5320086896805309,""score"":0},""T6_adr_healthy"":{""value"":6.85179246774166,""score"":100.0},""_score"":6.14},""geometry"":{""sub_retest_depth"":0.0,""sub_retest_timing"":20.0,""sub_retest_freshness"":75.0,""sub_hold_quality"":48.4,""_score"":33.52},""compression"":{""VC1_atr_ratio"":{""value"":0.3589978021069817,""score"":100},""VC2_range_contraction"":{""value"":0.8635949919795278,""score"":22.73416800341203},""VC3_range_pct_rank"":{""score"":26.66666666666667},""_score"":54.62},""sr_quality"":{""SR1_touches"":{""value"":2,""score"":25.0},""SR2_tightness"":{""value"":0.019999999999999574,""score"":95.5525906159663},""SR3_recency"":{""value"":258,""score"":0.0},""SR4_price_location"":{""score"":18.16976127320956},""SR5_reaction"":{""value"":3.885923949299533,""score"":100},""_score"":41.38,""_levels_found"":4,""_target_level"":19.98},""volume"":{""V1_rvol_day"":{""value"":0.4556005351634173,""score"":0},""V2_rvol_sameslot"":{""value"":0.22509334442281156,""score"":0,""status"":""ok""},""V3_breakout_bar"":{""value"":0.7012936130018973,""score"":13.419574200126485},""V4_base_dryup"":{""value"":0.6569579891310824,""score"":84.30420108689177},""V5_bo_expansion"":{""value"":0.4556005351634173,""score"":0},""_score"":20.22},""readiness"":{""_distance_atr"":-0.2,""BR1_atr_distance"":{""score"":100.0},""BR2_compression"":{""score"":71.60804781089033},""BR3_retest"":{""score"":100},""BR4_bo_age"":{""score"":30.0},""_score"":82.4},""risk"":{""R1_stop_clarity"":{""score"":69.11274182788534},""R2_stop_distance_pct"":{""value"":0.4265025343953621,""score"":60.66256335988405},""R3_stop_distance_atr"":{""value"":0.06548810317989716,""score"":28.274405158994853},""R4_rr_potential"":{""value"":-11.88455008488973,""score"":0.0},""_score"":46.63},""market"":{""M1_spy_regime"":{""score"":100.0},""M3_earnings_risk"":{""value"":null,""score"":80.0},""M4_vix"":{""value"":null,""score"":60.0},""_score"":84.0},""liquidity"":{""L1_price"":{""value"":13.81,""score"":100.0},""L2_dollar_vol"":{""value"":10654185.608345931,""score"":51.37601292156893},""L3_spread_proxy"":{""value"":0.07368573497465603,""score"":26.31426502534397},""L4_volume_zscore"":{""value"":-1.130470593781106,""score"":100.0},""_score"":73.18},""pattern_structure"":{""level"":13.63,""level_idx"":61,""breakout_idx"":67,""bo_peak_idx"":74,""bo_peak_price"":14.8176,""retest_idx"":79,""retest_low"":13.89,""structural_low"":13.89,""current_price"":13.95,""neckline_distance_pct"":-0.02293906810035832,""base_bars"":18,""bars_since_breakout"":12},""pattern_geometry_features"":{""retest_depth_atr"":-1.1478666708713052,""bars_breakout_to_retest"":12.0,""bars_since_retest"":0.0,""current_above_level_atr"":1.4127589795339086,""bo_peak_excess_pct"":0.08713132795304473,""atr_pct"":0.06512671976828385},""_schema_version"":""1.0""}",,,,,,,,,,
20260429T042402Z-4f6251,2026-04-29T04:24:02.652419+00:00,HNRG,vcp,absent,43.32,5.0,45.0,56.0,45.4,32.1,31.6,77.0,84.0,77.4,0.75,11.26,6.72,5.44,4.17,2.21,3.85,5.04,3.87,False,,15.46,16.76,14.6667,22.875,"{""trend"":{""T1_ema_stack"":{""value"":[false,false,false],""score"":0.0},""T2_ema50_slope"":{""value"":-0.4618831316942547,""score"":0},""T3_high_proximity"":{""value"":0.741131351869607,""score"":0},""T4_rs_1m"":{""value"":-0.24247116808492997,""score"":0},""T5_rs_3m"":{""value"":-0.19522651345304298,""score"":0},""T6_adr_healthy"":{""value"":5.165812579864606,""score"":100.0},""_score"":5.0},""geometry"":{""sub_contraction_count"":100.0,""sub_reduction_rate"":0.2,""sub_pivot_tightness"":0,""sub_volume_dryup"":0,""sub_base_depth"":100.0,""sub_base_duration"":100.0,""_score"":45.05},""compression"":{""VC1_atr_ratio"":{""value"":0.46215058888094585,""score"":100},""VC2_range_contraction"":{""value"":0.8714410908611216,""score"":21.42648485647973},""VC3_range_pct_rank"":{""score"":34.166666666666664},""_score"":56.04},""sr_quality"":{""SR1_touches"":{""value"":3,""score"":50.0},""SR2_tightness"":{""value"":0.036817870057290834,""score"":91.05718953820673},""SR3_recency"":{""value"":224,""score"":0.0},""SR4_price_location"":{""score"":6.826347305389281},""SR5_reaction"":{""value"":4.074533514924921,""score"":100},""_score"":45.37,""_levels_found"":9,""_target_level"":16.7567},""volume"":{""V1_rvol_day"":{""value"":1.091340877847246,""score"":39.4227251898164},""V2_rvol_sameslot"":{""value"":1.0579728582015526,""score"":37.19819054677018,""status"":""ok""},""V3_breakout_bar"":{""value"":1.2935964470052879,""score"":52.90642980035253},""V4_base_dryup"":{""value"":1.3692418101084916,""score"":13.075818989150847},""V5_bo_expansion"":{""value"":1.0913408778472462,""score"":6.089391856483081},""_score"":32.08},""readiness"":{""_distance_atr"":1.579,""BR1_atr_distance"":{""score"":0},""BR2_compression"":{""score"":56.454107905628405},""BR3_retest"":{""score"":50.0},""BR4_bo_age"":{""score"":50.0},""_score"":31.61},""risk"":{""R1_stop_clarity"":{""score"":45.7498026492709},""R2_stop_distance_pct"":{""value"":5.131630012936612,""score"":100.0},""R3_stop_distance_atr"":{""value"":0.9634966211820228,""score"":73.17483105910114},""R4_rr_potential"":{""value"":9.346442301632315,""score"":100.0},""_score"":76.99},""market"":{""M1_spy_regime"":{""score"":100.0},""M3_earnings_risk"":{""value"":null,""score"":80.0},""M4_vix"":{""value"":null,""score"":60.0},""_score"":84.0},""liquidity"":{""L1_price"":{""value"":15.46,""score"":100.0},""L2_dollar_vol"":{""value"":15078105.763101742,""score"":58.91733926400655},""L3_spread_proxy"":{""value"":0.06209573091849929,""score"":37.90426908150071},""L4_volume_zscore"":{""value"":0.2925613578405662,""score"":100.0},""_score"":77.36},""pattern_structure"":{""n_contractions"":5,""contractions_pct"":[15.4,18.47,23.57,25.56,11.16],""descending_strict"":false,""final_low"":14.89,""final_pivot"":16.76,""structural_low"":14.89,""dry_up_ratio"":1.035543826241688,""current_price"":15.46,""neckline_distance_pct"":0.08408796895213458,""base_bars"":60},""pattern_geometry_features"":{""contraction_count"":5.0,""first_contraction_pct"":0.15401094977386334,""last_contraction_pct"":0.11157517899761342,""dry_up_ratio"":1.035543826241688,""near_monotone"":0.0,""base_depth_pct"":0.2911211616281837},""_schema_version"":""1.0""}",,,,,,,,,,
20260429T042402Z-4f6251,2026-04-29T04:24:02.652419+00:00,CDRE,vcp,absent,43.25,5.0,38.3,54.2,57.7,40.9,23.5,71.0,84.0,79.0,0.75,9.57,6.5,6.92,5.31,1.65,3.55,5.04,3.95,False,,29.71,32.86,28.7522,49.7844,"{""trend"":{""T1_ema_stack"":{""value"":[false,false,false],""score"":0.0},""T2_ema50_slope"":{""value"":-0.6058416271543581,""score"":0},""T3_high_proximity"":{""value"":0.6448882135880183,""score"":0},""T4_rs_1m"":{""value"":-0.13072456304979685,""score"":0},""T5_rs_3m"":{""value"":-0.31388509826367594,""score"":0},""T6_adr_healthy"":{""value"":4.074681535673519,""score"":100.0},""_score"":5.0},""geometry"":{""sub_contraction_count"":100.0,""sub_reduction_rate"":0,""sub_pivot_tightness"":0,""sub_volume_dryup"":0,""sub_base_depth"":33.0,""sub_base_duration"":100.0,""_score"":38.3},""compression"":{""VC1_atr_ratio"":{""value"":0.43570836433933485,""score"":100},""VC2_range_contraction"":{""value"":1.1587942502271302,""score"":0},""VC3_range_pct_rank"":{""score"":56.666666666666664},""_score"":54.17},""sr_quality"":{""SR1_touches"":{""value"":3,""score"":50.0},""SR2_tightness"":{""value"":0.20799393153540693,""score"":68.5969022884845},""SR3_recency"":{""value"":236,""score"":0.0},""SR4_price_location"":{""score"":70.56477617091032},""SR5_reaction"":{""value"":1.9667266995229735,""score"":98.33633497614868},""_score"":57.68,""_levels_found"":5,""_target_level"":31.0097},""volume"":{""V1_rvol_day"":{""value"":1.0704036219755853,""score"":38.02690813170568},""V2_rvol_sameslot"":{""value"":1.269318962255494,""score"":51.28793081703292,""status"":""ok""},""V3_breakout_bar"":{""value"":1.8376372547275153,""score"":89.17581698183436},""V4_base_dryup"":{""value"":2.0681255046328046,""score"":0},""V5_bo_expansion"":{""value"":1.0704036219755855,""score"":4.6935747983723655},""_score"":40.86},""readiness"":{""_distance_atr"":2.378,""BR1_atr_distance"":{""score"":0},""BR2_compression"":{""score"":24.135791238201552},""BR3_retest"":{""score"":50.0},""BR4_bo_age"":{""score"":50.0},""_score"":23.53},""risk"":{""R1_stop_clarity"":{""score"":33.89304086188473},""R2_stop_distance_pct"":{""value"":3.2239986536519707,""score"":100.0},""R3_stop_distance_atr"":{""value"":0.723084969857755,""score"":61.15424849288775},""R4_rr_potential"":{""value"":20.95777000574202,""score"":100.0},""_score"":71.04},""market"":{""M1_spy_regime"":{""score"":100.0},""M3_earnings_risk"":{""value"":null,""score"":80.0},""M4_vix"":{""value"":null,""score"":60.0},""_score"":84.0},""liquidity"":{""L1_price"":{""value"":29.71,""score"":100.0},""L2_dollar_vol"":{""value"":12866789.41783769,""score"":55.47350966043596},""L3_spread_proxy"":{""value"":0.03163917872770115,""score"":68.36082127229885},""L4_volume_zscore"":{""value"":0.23356989225015518,""score"":100.0},""_score"":79.03},""pattern_structure"":{""n_contractions"":5,""contractions_pct"":[15.0,5.3,6.48,35.87,11.17],""descending_strict"":false,""final_low"":29.19,""final_pivot"":32.86,""structural_low"":29.19,""dry_up_ratio"":1.1404278518579514,""current_price"":29.71,""neckline_distance_pct"":0.10602490743857282,""base_bars"":46},""pattern_geometry_features"":{""contraction_count"":5.0,""first_contraction_pct"":0.15004857484863734,""last_contraction_pct"":0.11168594035301273,""dry_up_ratio"":1.1404278518579514,""near_monotone"":0.0,""base_depth_pct"":0.36700900369515815},""_schema_version"":""1.0""}",,,,,,,,,,
20260429T042402Z-4f6251,2026-04-29T04:24:02.652419+00:00,EXPO,double_bottom,absent,43.21,14.8,39.0,56.6,60.7,15.0,39.1,62.0,84.0,87.1,2.22,9.75,4.53,8.5,1.96,3.12,3.72,5.04,4.36,True,risk_unclear,66.94,69.61,65.2316,72.995,"{""trend"":{""T1_ema_stack"":{""value"":[false,false,false],""score"":0.0},""T2_ema50_slope"":{""value"":-0.09310119929134764,""score"":34.48313345144206},""T3_high_proximity"":{""value"":0.8389522496553452,""score"":19.47612482767258},""T4_rs_1m"":{""value"":-0.08406771040950489,""score"":0},""T5_rs_3m"":{""value"":-0.1268150943534433,""score"":0},""T6_adr_healthy"":{""value"":2.884488129567601,""score"":100.0},""_score"":14.82},""geometry"":{""sub_low_similarity"":89.9,""sub_bounce_quality"":30.2,""sub_separation_fit"":0.0,""sub_right_bottom_reaction"":0,""sub_base_context"":30.0,""_score"":39.01},""compression"":{""VC1_atr_ratio"":{""value"":0.1944558850964502,""score"":100},""VC2_range_contraction"":{""value"":0.9504097687759585,""score"":8.26503853734025},""VC3_range_pct_rank"":{""score"":55.00000000000001},""_score"":56.64},""sr_quality"":{""SR1_touches"":{""value"":4,""score"":75.0},""SR2_tightness"":{""value"":0.4117417273000141,""score"":61.20245408275766},""SR3_recency"":{""value"":228,""score"":0.0},""SR4_price_location"":{""score"":56.21140022273969},""SR5_reaction"":{""value"":3.7520359950463056,""score"":100},""_score"":60.73,""_levels_found"":5,""_target_level"":69.1025},""volume"":{""V1_rvol_day"":{""value"":0.9897580295256292,""score"":32.65053530170861},""V2_rvol_sameslot"":{""value"":0.47555518919169687,""score"":0,""status"":""ok""},""V3_breakout_bar"":{""value"":0.45832245673742045,""score"":0},""V4_base_dryup"":{""value"":1.0746843476498162,""score"":42.53156523501838},""V5_bo_expansion"":{""value"":0.9897580295256292,""score"":0},""_score"":15.04},""readiness"":{""_distance_atr"":1.258,""BR1_atr_distance"":{""score"":16.13719577859139},""BR2_compression"":{""score"":60.4026525512517},""BR3_retest"":{""score"":50.0},""BR4_bo_age"":{""score"":50.0},""_score"":39.06},""risk"":{""R1_stop_clarity"":{""score"":6.396389726469948},""R2_stop_distance_pct"":{""value"":2.552098894532423,""score"":100.0},""R3_stop_distance_atr"":{""value"":0.8048826863019615,""score"":65.24413431509808},""R4_rr_potential"":{""value"":3.5443037974683507,""score"":100.0},""_score"":62.03},""market"":{""M1_spy_regime"":{""score"":100.0},""M3_earnings_risk"":{""value"":null,""score"":80.0},""M4_vix"":{""value"":null,""score"":60.0},""_score"":84.0},""liquidity"":{""L1_price"":{""value"":66.94,""score"":100.0},""L2_dollar_vol"":{""value"":30319254.42095994,""score"":74.08592586903615},""L3_spread_proxy"":{""value"":0.025097101882282744,""score"":74.90289811771726},""L4_volume_zscore"":{""value"":-0.034170172462909966,""score"":100.0},""_score"":87.12},""pattern_structure"":{""left_low"":66.56,""left_idx"":26,""right_low"":66.225,""right_idx"":73,""separation_bars"":47,""structural_low"":66.225,""current_price"":66.79,""neckline_distance_pct"":0.04222188950441672,""base_bars"":47},""pattern_geometry_features"":{""low_similarity_pct"":0.005045750649546379,""bounce_pct"":0.05111362778406954,""right_bottom_reaction"":0.0,""atr_pct"":0.03170771266379274},""_schema_version"":""1.0""}",,,,,,,,,,
20260429T042402Z-4f6251,2026-04-29T04:24:02.652419+00:00,TTAN,inverse_head_shoulders,absent,43.18,5.0,45.5,52.0,39.1,20.1,49.2,79.0,84.0,90.4,0.6,12.73,4.16,5.48,2.82,3.94,4.74,4.2,4.52,False,,60.68,64.92,57.3762,71.59,"{""trend"":{""T1_ema_stack"":{""value"":[false,false,false],""score"":0.0},""T2_ema50_slope"":{""value"":-0.5769164822287051,""score"":0},""T3_high_proximity"":{""value"":0.6626624440318882,""score"":0},""T4_rs_1m"":{""value"":-0.11757798421454013,""score"":0},""T5_rs_3m"":{""value"":-0.3617142123274496,""score"":0},""T6_adr_healthy"":{""value"":5.476302241704188,""score"":100.0},""_score"":5.0},""geometry"":{""sub_head_depth"":61.9,""sub_shoulder_price_sym"":5.2,""sub_shoulder_time_sym"":60.0,""sub_right_shoulder_reaction"":90.1,""sub_base_context"":30.0,""_score"":45.46},""compression"":{""VC1_atr_ratio"":{""value"":0.4208483449300743,""score"":100},""VC2_range_contraction"":{""value"":0.9755250864844176,""score"":4.0791522525970665},""VC3_range_pct_rank"":{""score"":42.50000000000001},""_score"":52.05},""sr_quality"":{""SR1_touches"":{""value"":2,""score"":25.0},""SR2_tightness"":{""value"":0.44249999999999545,""score"":76.29379620700765},""SR3_recency"":{""value"":226,""score"":0.0},""SR4_price_location"":{""score"":20.67976722611119},""SR5_reaction"":{""value"":2.225302689381763,""score"":100},""_score"":39.11,""_levels_found"":5,""_target_level"":68.5175},""volume"":{""V1_rvol_day"":{""value"":0.949907024931604,""score"":29.99380166210693},""V2_rvol_sameslot"":{""value"":0.662237000952257,""score"":10.8158000634838,""status"":""ok""},""V3_breakout_bar"":{""value"":0.7389310378136598,""score"":15.928735854243984},""V4_base_dryup"":{""value"":1.1014922588439564,""score"":39.85077411560436},""V5_bo_expansion"":{""value"":0.949907024931604,""score"":0},""_score"":20.11},""readiness"":{""_distance_atr"":1.136,""BR1_atr_distance"":{""score"":24.283010107503813},""BR2_compression"":{""score"":88.00543797839818},""BR3_retest"":{""score"":50.0},""BR4_bo_age"":{""score"":50.0},""_score"":49.21},""risk"":{""R1_stop_clarity"":{""score"":53.190292510446746},""R2_stop_distance_pct"":{""value"":5.44454515491101,""score"":100.0},""R3_stop_distance_atr"":{""value"":0.8849646415943427,""score"":69.24823207971713},""R4_rr_potential"":{""value"":3.3023079833522515,""score"":100.0},""_score"":79.0},""market"":{""M1_spy_regime"":{""score"":100.0},""M3_earnings_risk"":{""value"":null,""score"":80.0},""M4_vix"":{""value"":null,""score"":60.0},""_score"":84.0},""liquidity"":{""L1_price"":{""value"":60.68,""score"":100.0},""L2_dollar_vol"":{""value"":59989353.3614432,""score"":88.90370903030282},""L3_spread_proxy"":{""value"":0.05133487145682259,""score"":48.66512854317741},""L4_volume_zscore"":{""value"":-0.17432139773507632,""score"":100.0},""_score"":90.43},""pattern_structure"":{""left_shoulder"":63.1,""left_shoulder_idx"":71,""head"":58.25,""head_idx"":76,""right_shoulder"":58.49,""right_shoulder_idx"":80,""left_to_head_bars"":5,""head_to_right_bars"":4,""structural_low"":58.25,""current_price"":60.4,""neckline_distance_pct"":0.07483443708609278,""base_bars"":9},""pattern_geometry_features"":{""head_depth_pct"":0.041861995229870906,""shoulder_price_asymmetry"":0.07582860432601364,""shoulder_time_asymmetry"":0.2,""right_shoulder_reaction"":0.900763358778629,""atr_pct"":0.06152274225444958},""_schema_version"":""1.0""}",,,,,,,,,,
20260429T042402Z-4f6251,2026-04-29T04:24:02.652419+00:00,SNOW,vcp,absent,43.11,5.0,36.3,69.6,70.7,7.4,39.7,56.9,84.0,96.6,0.75,9.09,8.35,8.48,0.96,2.78,2.84,5.04,4.83,False,,142.56,157.84,116.5255,262.59,"{""trend"":{""T1_ema_stack"":{""value"":[false,false,false],""score"":0.0},""T2_ema50_slope"":{""value"":-0.7268649610640671,""score"":0},""T3_high_proximity"":{""value"":0.66,""score"":0},""T4_rs_1m"":{""value"":-0.1893958105770409,""score"":0},""T5_rs_3m"":{""value"":-0.35321067399513184,""score"":0},""T6_adr_healthy"":{""value"":5.853698297302418,""score"":100.0},""_score"":5.0},""geometry"":{""sub_contraction_count"":100.0,""sub_reduction_rate"":0,""sub_pivot_tightness"":0,""sub_volume_dryup"":8.9,""sub_base_depth"":0.0,""sub_base_duration"":100.0,""_score"":36.34},""compression"":{""VC1_atr_ratio"":{""value"":0.4182034282442424,""score"":100},""VC2_range_contraction"":{""value"":0.7896503004613983,""score"":35.05828325643362},""VC3_range_pct_rank"":{""score"":69.16666666666667},""_score"":69.56},""sr_quality"":{""SR1_touches"":{""value"":5,""score"":100},""SR2_tightness"":{""value"":1.0615912584417788,""score"":77.58777074237062},""SR3_recency"":{""value"":225,""score"":0.0},""SR4_price_location"":{""score"":56.09881886350001},""SR5_reaction"":{""value"":3.3814697666001914,""score"":100},""_score"":70.66,""_levels_found"":5,""_target_level"":156.423},""volume"":{""V1_rvol_day"":{""value"":0.43295909112825837,""score"":0},""V2_rvol_sameslot"":{""value"":0.2683647893172472,""score"":0,""status"":""ok""},""V3_breakout_bar"":{""value"":0.48172287952859705,""score"":0},""V4_base_dryup"":{""value"":1.131099065604599,""score"":36.89009343954011},""V5_bo_expansion"":{""value"":0.43295909112825837,""score"":0},""_score"":7.38},""readiness"":{""_distance_atr"":1.613,""BR1_atr_distance"":{""score"":0},""BR2_compression"":{""score"":88.64275646764163},""BR3_retest"":{""score"":50.0},""BR4_bo_age"":{""score"":50.0},""_score"":39.66},""risk"":{""R1_stop_clarity"":{""score"":62.53689873441572},""R2_stop_distance_pct"":{""value"":18.262135241301912,""score"":0.0},""R3_stop_distance_atr"":{""value"":2.748191349390962,""score"":100.0},""R4_rr_potential"":{""value"":4.610420787800803,""score"":100.0},""_score"":56.89},""market"":{""M1_spy_regime"":{""score"":100.0},""M3_earnings_risk"":{""value"":null,""score"":80.0},""M4_vix"":{""value"":null,""score"":60.0},""_score"":84.0},""liquidity"":{""L1_price"":{""value"":142.56,""score"":100.0},""L2_dollar_vol"":{""value"":510180018.4199347,""score"":100.0},""L3_spread_proxy"":{""value"":0.034231200897867534,""score"":65.76879910213248},""L4_volume_zscore"":{""value"":-0.9638222741571296,""score"":100.0},""_score"":96.58},""pattern_structure"":{""n_contractions"":5,""contractions_pct"":[30.02,16.24,14.94,21.51,25.05],""descending_strict"":false,""final_low"":118.3,""final_pivot"":157.84,""structural_low"":118.3,""dry_up_ratio"":0.9556740950641645,""current_price"":142.56,""neckline_distance_pct"":0.10718294051627386,""base_bars"":50},""pattern_geometry_features"":{""contraction_count"":5.0,""first_contraction_pct"":0.3002465814839722,""last_contraction_pct"":0.2505068423720223,""dry_up_ratio"":0.9556740950641645,""near_monotone"":0.0,""base_depth_pct"":0.46962564447433314},""_schema_version"":""1.0""}",,,,,,,,,,
20260429T042402Z-4f6251,2026-04-29T04:24:02.652419+00:00,PEGA,double_bottom,absent,43.08,5.0,46.0,39.5,51.3,10.1,64.8,73.6,84.0,90.2,0.75,11.51,3.16,7.19,1.32,5.19,4.42,5.04,4.51,False,,35.96,37.6,33.82,40.865,"{""trend"":{""T1_ema_stack"":{""value"":[false,false,false],""score"":0.0},""T2_ema50_slope"":{""value"":-0.37802574520295856,""score"":0},""T3_high_proximity"":{""value"":0.7286727456940223,""score"":0},""T4_rs_1m"":{""value"":-0.23029377283550634,""score"":0},""T5_rs_3m"":{""value"":-0.3012045767506899,""score"":0},""T6_adr_healthy"":{""value"":5.361817213923551,""score"":100.0},""_score"":5.0},""geometry"":{""sub_low_similarity"":2.0,""sub_bounce_quality"":93.0,""sub_separation_fit"":100.0,""sub_right_bottom_reaction"":39.0,""sub_base_context"":30.0,""_score"":46.05},""compression"":{""VC1_atr_ratio"":{""value"":0.6529211014643889,""score"":86.76972463390278},""VC2_range_contraction"":{""value"":1.3017371699195046,""score"":0},""VC3_range_pct_rank"":{""score"":19.166666666666664},""_score"":39.5},""sr_quality"":{""SR1_touches"":{""value"":2,""score"":25.0},""SR2_tightness"":{""value"":0.4200000000000017,""score"":66.04580928485416},""SR3_recency"":{""value"":233,""score"":0.0},""SR4_price_location"":{""score"":75.74700663203879},""SR5_reaction"":{""value"":2.477847489093371,""score"":100},""_score"":51.34,""_levels_found"":7,""_target_level"":37.96},""volume"":{""V1_rvol_day"":{""value"":0.7089067669016437,""score"":13.92711779344291},""V2_rvol_sameslot"":{""value"":0.5671548018455442,""score"":4.476986789702949,""status"":""ok""},""V3_breakout_bar"":{""value"":0.8876745688946718,""score"":25.844971259644783},""V4_base_dryup"":{""value"":1.7711592989323175,""score"":0},""V5_bo_expansion"":{""value"":0.7089067669016437,""score"":0},""_score"":10.14},""readiness"":{""_distance_atr"":0.663,""BR1_atr_distance"":{""score"":55.80565652949288},""BR2_compression"":{""score"":100},""BR3_retest"":{""score"":50.0},""BR4_bo_age"":{""score"":50.0},""_score"":64.82},""risk"":{""R1_stop_clarity"":{""score"":58.36367363555246},""R2_stop_distance_pct"":{""value"":5.951126251390438,""score"":100.0},""R3_stop_distance_atr"":{""value"":0.8650335355378541,""score"":68.2516767768927},""R4_rr_potential"":{""value"":2.2920292987231448,""score"":64.60146493615724},""_score"":73.59},""market"":{""M1_spy_regime"":{""score"":100.0},""M3_earnings_risk"":{""value"":null,""score"":80.0},""M4_vix"":{""value"":null,""score"":60.0},""_score"":84.0},""liquidity"":{""L1_price"":{""value"":35.96,""score"":100.0},""L2_dollar_vol"":{""value"":65449781.99905696,""score"":90.7954102167877},""L3_spread_proxy"":{""value"":0.06145717463848723,""score"":38.54282536151277},""L4_volume_zscore"":{""value"":-0.5848180432823953,""score"":100.0},""_score"":90.17},""pattern_structure"":{""left_low"":34.335,""left_idx"":56,""right_low"":36.06,""right_idx"":68,""separation_bars"":12,""structural_low"":34.335,""current_price"":36.43,""neckline_distance_pct"":0.03211638759264347,""base_bars"":12},""pattern_geometry_features"":{""low_similarity_pct"":0.04900916258256982,""bounce_pct"":0.09509247123926025,""right_bottom_reaction"":0.38961038961038613,""atr_pct"":0.06879648021611313},""_schema_version"":""1.0""}",,,,,,,,,,
20260429T042402Z-4f6251,2026-04-29T04:24:02.652419+00:00,BILI,double_bottom,forming,43.05,5.0,50.1,62.0,46.2,12.0,41.7,66.4,84.0,88.5,0.75,12.53,4.96,6.47,1.56,3.33,3.99,5.04,4.42,True,risk_unclear,21.46,22.5,20.6751,24.01,"{""trend"":{""T1_ema_stack"":{""value"":[false,false,false],""score"":0.0},""T2_ema50_slope"":{""value"":-0.37316236658478186,""score"":0},""T3_high_proximity"":{""value"":0.5974387527839644,""score"":0},""T4_rs_1m"":{""value"":-0.161341142731797,""score"":0},""T5_rs_3m"":{""value"":-0.40449246880332945,""score"":0},""T6_adr_healthy"":{""value"":2.682938413671269,""score"":100.0},""_score"":5.0},""geometry"":{""sub_low_similarity"":15.1,""sub_bounce_quality"":59.9,""sub_separation_fit"":100.0,""sub_right_bottom_reaction"":84.1,""sub_base_context"":30.0,""_score"":50.12},""compression"":{""VC1_atr_ratio"":{""value"":0.5008731692496399,""score"":100},""VC2_range_contraction"":{""value"":0.8732484633242144,""score"":21.125256112630943},""VC3_range_pct_rank"":{""score"":58.33333333333333},""_score"":61.98},""sr_quality"":{""SR1_touches"":{""value"":4,""score"":75.0},""SR2_tightness"":{""value"":0.15105876340020785,""score"":58.24634377881719},""SR3_recency"":{""value"":256,""score"":0.0},""SR4_price_location"":{""score"":0},""SR5_reaction"":{""value"":3.7193978282329683,""score"":100},""_score"":46.24,""_levels_found"":4,""_target_level"":24.2125},""volume"":{""V1_rvol_day"":{""value"":0.7855284876291204,""score"":19.035232508608026},""V2_rvol_sameslot"":{""value"":0.5121842956516528,""score"":0.8122863767768532,""status"":""ok""},""V3_breakout_bar"":{""value"":0.4262390801560465,""score"":0},""V4_base_dryup"":{""value"":1.099774387832449,""score"":40.02256121675509},""V5_bo_expansion"":{""value"":0.7855284876291205,""score"":0},""_score"":11.97},""readiness"":{""_distance_atr"":1.437,""BR1_atr_distance"":{""score"":4.179006252056709},""BR2_compression"":{""score"":90.04585820745292},""BR3_retest"":{""score"":50.0},""BR4_bo_age"":{""score"":50.0},""_score"":41.68},""risk"":{""R1_stop_clarity"":{""score"":12.97334649555782},""R2_stop_distance_pct"":{""value"":3.6572693383038315,""score"":100.0},""R3_stop_distance_atr"":{""value"":1.0846890424481765,""score"":79.23445212240883},""R4_rr_potential"":{""value"":3.249028476778994,""score"":100.0},""_score"":66.43},""market"":{""M1_spy_regime"":{""score"":100.0},""M3_earnings_risk"":{""value"":null,""score"":80.0},""M4_vix"":{""value"":null,""score"":60.0},""_score"":84.0},""liquidity"":{""L1_price"":{""value"":21.46,""score"":100.0},""L2_dollar_vol"":{""value"":34544360.45763778,""score"":76.91885783581264},""L3_spread_proxy"":{""value"":0.02283317800559189,""score"":77.16682199440811},""L4_volume_zscore"":{""value"":-0.502723815569424,""score"":100.0},""_score"":88.48},""pattern_structure"":{""left_low"":21.9,""left_idx"":60,""right_low"":20.99,""right_idx"":74,""separation_bars"":14,""structural_low"":20.99,""current_price"":21.39,""neckline_distance_pct"":0.05189340813464233,""base_bars"":14},""pattern_geometry_features"":{""low_similarity_pct"":0.04243413383072978,""bounce_pct"":0.0719390185802764,""right_bottom_reaction"":0.8412698412698396,""atr_pct"":0.03371721475169752},""_schema_version"":""1.0""}",,,,,,,,,,
20260429T042402Z-4f6251,2026-04-29T04:24:02.652419+00:00,BTU,breakout_retest_hold,setup,42.99,13.3,26.0,82.5,51.6,16.5,62.4,59.7,84.0,89.4,1.87,5.72,4.95,7.22,2.14,11.24,2.98,4.2,2.68,False,,26.9,26.23,25.9578,26.25,"{""trend"":{""T1_ema_stack"":{""value"":[false,false,true],""score"":33.33333333333333},""T2_ema50_slope"":{""value"":-0.7224493265689637,""score"":0},""T3_high_proximity"":{""value"":0.6810126582278481,""score"":0},""T4_rs_1m"":{""value"":-0.4413674455429101,""score"":0},""T5_rs_3m"":{""value"":-0.2779341050050207,""score"":0},""T6_adr_healthy"":{""value"":4.707876403503302,""score"":100.0},""_score"":13.33},""geometry"":{""sub_retest_depth"":61.4,""sub_retest_timing"":0.0,""sub_retest_freshness"":0.0,""sub_hold_quality"":25.2,""_score"":25.98},""compression"":{""VC1_atr_ratio"":{""value"":0.3611163032518204,""score"":100},""VC2_range_contraction"":{""value"":0.6218766410411789,""score"":63.02055982647019},""VC3_range_pct_rank"":{""score"":81.66666666666667},""_score"":82.47},""sr_quality"":{""SR1_touches"":{""value"":2,""score"":25.0},""SR2_tightness"":{""value"":0.2599999999999998,""score"":58.150818013543535},""SR3_recency"":{""value"":310,""score"":0.0},""SR4_price_location"":{""score"":81.34715025906738},""SR5_reaction"":{""value"":3.045533979466308,""score"":100},""_score"":51.56,""_levels_found"":6,""_target_level"":27.26},""volume"":{""V1_rvol_day"":{""value"":0.5221329423825813,""score"":1.4755294921720896},""V2_rvol_sameslot"":{""value"":0.47498681432692713,""score"":0,""status"":""ok""},""V3_breakout_bar"":{""value"":1.0840461482079118,""score"":38.93640988052745},""V4_base_dryup"":{""value"":1.1772089591201342,""score"":32.27910408798658},""V5_bo_expansion"":{""value"":0.5221329423825812,""score"":0},""_score"":16.49},""readiness"":{""_distance_atr"":-0.539,""BR1_atr_distance"":{""score"":49.2157877188747},""BR2_compression"":{""score"":73.26888592279911},""BR3_retest"":{""score"":99.59760401936093},""BR4_bo_age"":{""score"":30.0},""_score"":62.42},""risk"":{""R1_stop_clarity"":{""score"":57.79670955058118},""R2_stop_distance_pct"":{""value"":3.5026022304832702,""score"":100.0},""R3_stop_distance_atr"":{""value"":0.7582749859161404,""score"":62.91374929580702},""R4_rr_potential"":{""value"":-0.6898747611971929,""score"":0.0},""_score"":59.67},""market"":{""M1_spy_regime"":{""score"":100.0},""M3_earnings_risk"":{""value"":null,""score"":80.0},""M4_vix"":{""value"":null,""score"":60.0},""_score"":84.0},""liquidity"":{""L1_price"":{""value"":26.9,""score"":100.0},""L2_dollar_vol"":{""value"":44236967.234375894,""score"":82.2892672636982},""L3_spread_proxy"":{""value"":0.034758364312267614,""score"":65.24163568773238},""L4_volume_zscore"":{""value"":-1.181199509164961,""score"":100.0},""_score"":89.44},""pattern_structure"":{""level"":26.23,""level_idx"":38,""breakout_idx"":44,""bo_peak_idx"":56,""bo_peak_price"":28.01,""retest_idx"":68,""retest_low"":26.22,""structural_low"":26.22,""current_price"":26.77,""neckline_distance_pct"":-0.020171834142697017,""base_bars"":41,""bars_since_breakout"":35},""pattern_geometry_features"":{""retest_depth_atr"":0.02959392901685203,""bars_breakout_to_retest"":24.0,""bars_since_retest"":11.0,""current_above_level_atr"":1.5980721669097575,""bo_peak_excess_pct"":0.0678612276019825,""atr_pct"":0.04619171534784918},""_schema_version"":""1.0""}",,,,,,,,,,
20260429T042402Z-4f6251,2026-04-29T04:24:02.652419+00:00,INTU,bull_flag,absent,42.68,13.3,19.0,72.8,55.1,48.3,49.8,62.3,84.0,98.1,1.87,5.7,6.55,5.51,6.76,4.48,1.87,5.04,4.91,False,,400.38,413.78,368.3457,441.86,"{""trend"":{""T1_ema_stack"":{""value"":[true,false,false],""score"":33.33333333333333},""T2_ema50_slope"":{""value"":-0.5532689790120651,""score"":0},""T3_high_proximity"":{""value"":0.7432337107852236,""score"":0},""T4_rs_1m"":{""value"":-0.16094508311952382,""score"":0},""T5_rs_3m"":{""value"":-0.2891895198233104,""score"":0},""T6_adr_healthy"":{""value"":4.105081878550483,""score"":100.0},""_score"":13.33},""geometry"":{""sub_pole_impulse"":13.3,""sub_flag_tightness"":0,""sub_flag_shallowness"":0,""sub_flag_drift"":100,""sub_flag_duration"":0.0,""_score"":18.99},""compression"":{""VC1_atr_ratio"":{""value"":0.4333249410350468,""score"":100},""VC2_range_contraction"":{""value"":0.7916923455733832,""score"":34.71794240443614},""VC3_range_pct_rank"":{""score"":82.5},""_score"":72.78},""sr_quality"":{""SR1_touches"":{""value"":3,""score"":50.0},""SR2_tightness"":{""value"":4.151197658775388,""score"":56.34319580560715},""SR3_recency"":{""value"":226,""score"":0.0},""SR4_price_location"":{""score"":66.71491707735761},""SR5_reaction"":{""value"":2.128661274616224,""score"":100},""_score"":55.13,""_levels_found"":9,""_target_level"":413.2034},""volume"":{""V1_rvol_day"":{""value"":0.6521842563934007,""score"":10.145617092893382},""V2_rvol_sameslot"":{""value"":0.9772058554590616,""score"":31.813723697270774,""status"":""ok""},""V3_breakout_bar"":{""value"":1.8673659833366858,""score"":91.15773222244572},""V4_base_dryup"":{""value"":0.645761105894787,""score"":85.4238894105213},""V5_bo_expansion"":{""value"":0.6521842563934007,""score"":0},""_score"":48.27},""readiness"":{""_distance_atr"":0.705,""BR1_atr_distance"":{""score"":53.025510202804156},""BR2_compression"":{""score"":44.35152983029202},""BR3_retest"":{""score"":50.0},""BR4_bo_age"":{""score"":50.0},""_score"":49.8},""risk"":{""R1_stop_clarity"":{""score"":41.00854179515151},""R2_stop_distance_pct"":{""value"":8.000980318697245,""score"":99.97549203256888},""R3_stop_distance_atr"":{""value"":1.6844732159021187,""score"":100.0},""R4_rr_potential"":{""value"":1.294861059191974,""score"":14.743052959598701},""_score"":62.29},""market"":{""M1_spy_regime"":{""score"":100.0},""M3_earnings_risk"":{""value"":null,""score"":80.0},""M4_vix"":{""value"":null,""score"":60.0},""_score"":84.0},""liquidity"":{""L1_price"":{""value"":400.38,""score"":100.0},""L2_dollar_vol"":{""value"":890879456.387952,""score"":100.0},""L3_spread_proxy"":{""value"":0.019006943403766314,""score"":80.99305659623369},""L4_volume_zscore"":{""value"":-0.7511435308076502,""score"":100.0},""_score"":98.1},""pattern_structure"":{""pole_low"":385.7,""pole_low_idx"":11,""peak_price"":413.78,""peak_idx"":30,""pole_gain"":0.07280269639616278,""flag_bars"":29,""flag_low"":373.955,""flag_high"":413.25,""structural_low"":373.955,""current_price"":401.755,""neckline_distance_pct"":0.029931176961083193,""base_bars"":29},""pattern_geometry_features"":{""pole_gain"":0.07280269639616278,""pullback_pct"":0.09624679781526413,""flag_range_pct"":0.0949659239209242,""flag_drift_per_bar"":0.00031362618187576224,""atr_pct"":0.047498412222674154,""pole_atr_multiple"":1.532739579901351},""_schema_version"":""1.0""}",,,,,,,,,,
20260429T042402Z-4f6251,2026-04-29T04:24:02.652419+00:00,BILI,vcp,absent,42.68,5.0,45.0,62.0,46.2,20.6,40.0,54.9,84.0,88.5,0.75,11.25,7.44,5.55,2.68,2.8,2.74,5.04,4.42,True,risk_unclear,21.46,26.77,21.1874,30.69,"{""trend"":{""T1_ema_stack"":{""value"":[false,false,false],""score"":0.0},""T2_ema50_slope"":{""value"":-0.37316236658478186,""score"":0},""T3_high_proximity"":{""value"":0.5974387527839644,""score"":0},""T4_rs_1m"":{""value"":-0.161341142731797,""score"":0},""T5_rs_3m"":{""value"":-0.40449246880332945,""score"":0},""T6_adr_healthy"":{""value"":2.682938413671269,""score"":100.0},""_score"":5.0},""geometry"":{""sub_contraction_count"":100.0,""sub_reduction_rate"":0,""sub_pivot_tightness"":0,""sub_volume_dryup"":0,""sub_base_depth"":100.0,""sub_base_duration"":100.0,""_score"":45.0},""compression"":{""VC1_atr_ratio"":{""value"":0.5008731692496399,""score"":100},""VC2_range_contraction"":{""value"":0.8732484633242144,""score"":21.125256112630943},""VC3_range_pct_rank"":{""score"":58.33333333333333},""_score"":61.98},""sr_quality"":{""SR1_touches"":{""value"":4,""score"":75.0},""SR2_tightness"":{""value"":0.15105876340020785,""score"":58.24634377881719},""SR3_recency"":{""value"":256,""score"":0.0},""SR4_price_location"":{""score"":0},""SR5_reaction"":{""value"":3.7193978282329683,""score"":100},""_score"":46.24,""_levels_found"":4,""_target_level"":24.2125},""volume"":{""V1_rvol_day"":{""value"":0.7855284876291204,""score"":19.035232508608026},""V2_rvol_sameslot"":{""value"":0.5121842956516528,""score"":0.8122863767768532,""status"":""ok""},""V3_breakout_bar"":{""value"":0.4262390801560465,""score"":0},""V4_base_dryup"":{""value"":0.6676525014552765,""score"":83.23474985447234},""V5_bo_expansion"":{""value"":0.7855284876291205,""score"":0},""_score"":20.62},""readiness"":{""_distance_atr"":7.339,""BR1_atr_distance"":{""score"":0},""BR2_compression"":{""score"":90.04585820745292},""BR3_retest"":{""score"":50.0},""BR4_bo_age"":{""score"":50.0},""_score"":40.01},""risk"":{""R1_stop_clarity"":{""score"":10.81737413622919},""R2_stop_distance_pct"":{""value"":1.2705032618825662,""score"":81.76258154706414},""R3_stop_distance_atr"":{""value"":0.37681145113524,""score"":43.840572556762005},""R4_rr_potential"":{""value"":33.85292499541551,""score"":100.0},""_score"":54.89},""market"":{""M1_spy_regime"":{""score"":100.0},""M3_earnings_risk"":{""value"":null,""score"":80.0},""M4_vix"":{""value"":null,""score"":60.0},""_score"":84.0},""liquidity"":{""L1_price"":{""value"":21.46,""score"":100.0},""L2_dollar_vol"":{""value"":34544360.45763778,""score"":76.91885783581264},""L3_spread_proxy"":{""value"":0.02283317800559189,""score"":77.16682199440811},""L4_volume_zscore"":{""value"":-0.502723815569424,""score"":100.0},""_score"":88.48},""pattern_structure"":{""n_contractions"":5,""contractions_pct"":[4.95,10.61,19.75,7.66,19.65],""descending_strict"":false,""final_low"":21.51,""final_pivot"":26.77,""structural_low"":21.51,""dry_up_ratio"":1.179065822896243,""current_price"":21.46,""neckline_distance_pct"":0.24743709226467842,""base_bars"":63},""pattern_geometry_features"":{""contraction_count"":5.0,""first_contraction_pct"":0.04954777821470696,""last_contraction_pct"":0.19648860664923415,""dry_up_ratio"":1.179065822896243,""near_monotone"":0.0,""base_depth_pct"":0.15414864333464404},""_schema_version"":""1.0""}",,,,,,,,,,
20260429T042402Z-4f6251,2026-04-29T04:24:02.652419+00:00,NOW,double_bottom,absent,42.57,5.0,47.1,49.5,52.9,11.1,34.2,77.0,84.0,96.8,0.75,11.77,3.96,7.4,1.44,2.74,4.62,5.04,4.84,False,,90.49,104.5,82.3263,125.42,"{""trend"":{""T1_ema_stack"":{""value"":[false,false,false],""score"":0.0},""T2_ema50_slope"":{""value"":-0.7140523571233514,""score"":0},""T3_high_proximity"":{""value"":0.6981175744483875,""score"":0},""T4_rs_1m"":{""value"":-0.2121095072512933,""score"":0},""T5_rs_3m"":{""value"":-0.336722368707592,""score"":0},""T6_adr_healthy"":{""value"":5.333189716902683,""score"":100.0},""_score"":5.0},""geometry"":{""sub_low_similarity"":17.2,""sub_bounce_quality"":100,""sub_separation_fit"":20.0,""sub_right_bottom_reaction"":86.2,""sub_base_context"":30.0,""_score"":47.09},""compression"":{""VC1_atr_ratio"":{""value"":0.6633217336760814,""score"":84.16956658097965},""VC2_range_contraction"":{""value"":0.9723579215909575,""score"":4.607013068173757},""VC3_range_pct_rank"":{""score"":56.666666666666664},""_score"":49.45},""sr_quality"":{""SR1_touches"":{""value"":3,""score"":50.0},""SR2_tightness"":{""value"":0.49593906435726376,""score"":84.84753600134064},""SR3_recency"":{""value"":242,""score"":0.0},""SR4_price_location"":{""score"":50.196728101056124},""SR5_reaction"":{""value"":1.6796553613010363,""score"":83.98276806505181},""_score"":52.87,""_levels_found"":6,""_target_level"":98.5067},""volume"":{""V1_rvol_day"":{""value"":0.7401840706185729,""score"":16.01227137457153},""V2_rvol_sameslot"":{""value"":0.5871823823120139,""score"":5.812158820800928,""status"":""ok""},""V3_breakout_bar"":{""value"":0.5323101290495356,""score"":2.154008603302371},""V4_base_dryup"":{""value"":1.1896771877925536,""score"":31.032281220744636},""V5_bo_expansion"":{""value"":0.7401840706185732,""score"":0},""_score"":11.11},""readiness"":{""_distance_atr"":2.14,""BR1_atr_distance"":{""score"":0},""BR2_compression"":{""score"":67.01916941105075},""BR3_retest"":{""score"":50.0},""BR4_bo_age"":{""score"":50.0},""_score"":34.25},""risk"":{""R1_stop_clarity"":{""score"":61.695608431776236},""R2_stop_distance_pct"":{""value"":9.02165985191733,""score"":74.45850370206676},""R3_stop_distance_atr"":{""value"":1.2471307387952035,""score"":87.35653693976018},""R4_rr_potential"":{""value"":4.278697159376269,""score"":100.0},""_score"":77.03},""market"":{""M1_spy_regime"":{""score"":100.0},""M3_earnings_risk"":{""value"":null,""score"":80.0},""M4_vix"":{""value"":null,""score"":60.0},""_score"":84.0},""liquidity"":{""L1_price"":{""value"":90.49,""score"":100.0},""L2_dollar_vol"":{""value"":1899389003.4228804,""score"":100.0},""L3_spread_proxy"":{""value"":0.031677533429108215,""score"":68.32246657089178},""L4_volume_zscore"":{""value"":-0.41605985003475765,""score"":100.0},""_score"":96.83},""pattern_structure"":{""left_low"":87.115,""left_idx"":18,""right_low"":83.58,""right_idx"":60,""separation_bars"":42,""structural_low"":83.58,""current_price"":90.86,""neckline_distance_pct"":0.15012106537530268,""base_bars"":42},""pattern_geometry_features"":{""low_similarity_pct"":0.04141890506458885,""bounce_pct"":0.2502991146207227,""right_bottom_reaction"":0.8624999999999926,""atr_pct"":0.07233932715532894},""_schema_version"":""1.0""}",,,,,,,,,,
20260429T042402Z-4f6251,2026-04-29T04:24:02.652419+00:00,NTSK,bull_flag,absent,42.56,33.3,22.9,77.4,40.3,30.9,46.5,74.0,84.0,85.2,4.67,6.88,6.96,4.03,4.32,4.18,2.22,5.04,4.26,False,,9.98,10.4699,9.2787,11.6098,"{""trend"":{""T1_ema_stack"":{""value"":[true,false,false],""score"":33.33333333333333},""T2_ema50_slope"":{""value"":-0.5794782263078493,""score"":0},""T3_high_proximity"":{""value"":0.6198757763975155,""score"":0},""T4_rs_1m"":{""value"":0.16869363490970746,""score"":100},""T5_rs_3m"":{""value"":-0.39004419919987754,""score"":0},""T6_adr_healthy"":{""value"":6.25787848454416,""score"":100.0},""_score"":33.33},""geometry"":{""sub_pole_impulse"":27.7,""sub_flag_tightness"":0,""sub_flag_shallowness"":0,""sub_flag_drift"":97.5,""sub_flag_duration"":0.0,""_score"":22.93},""compression"":{""VC1_atr_ratio"":{""value"":0.323214744438317,""score"":100},""VC2_range_contraction"":{""value"":0.6988067443514882,""score"":50.19887594141864},""VC3_range_pct_rank"":{""score"":79.16666666666666},""_score"":77.36},""sr_quality"":{""SR1_touches"":{""value"":2,""score"":25.0},""SR2_tightness"":{""value"":0.03500000000000014,""score"":87.89076980106259},""SR3_recency"":{""value"":75,""score"":25.0},""SR4_price_location"":{""score"":3.5627530364372024},""SR5_reaction"":{""value"":4.329049796120103,""score"":100},""_score"":40.32,""_levels_found"":4,""_target_level"":11.965},""volume"":{""V1_rvol_day"":{""value"":0.6761462934790687,""score"":11.743086231937916},""V2_rvol_sameslot"":{""value"":0.8408485969782832,""score"":22.72323979855221,""status"":""ok""},""V3_breakout_bar"":{""value"":1.5001732281817817,""score"":66.67821521211877},""V4_base_dryup"":{""value"":1.1353359579716846,""score"":36.46640420283154},""V5_bo_expansion"":{""value"":0.6761462934790687,""score"":0},""_score"":30.86},""readiness"":{""_distance_atr"":0.847,""BR1_atr_distance"":{""score"":43.501791671815106},""BR2_compression"":{""score"":46.41273556480528},""BR3_retest"":{""score"":50.0},""BR4_bo_age"":{""score"":50.0},""_score"":46.5},""risk"":{""R1_stop_clarity"":{""score"":51.113307796861726},""R2_stop_distance_pct"":{""value"":7.027054108216431,""score"":100.0},""R3_stop_distance_atr"":{""value"":1.2131718769306803,""score"":85.65859384653402},""R4_rr_potential"":{""value"":2.3239697704263533,""score"":66.19848852131767},""_score"":73.98},""market"":{""M1_spy_regime"":{""score"":100.0},""M3_earnings_risk"":{""value"":null,""score"":80.0},""M4_vix"":{""value"":null,""score"":60.0},""_score"":84.0},""liquidity"":{""L1_price"":{""value"":9.98,""score"":99.99},""L2_dollar_vol"":{""value"":29913286.64377002,""score"":73.79320663089742},""L3_spread_proxy"":{""value"":0.043086172344689345,""score"":56.913827655310655},""L4_volume_zscore"":{""value"":-1.0623958105806917,""score"":100.0},""_score"":85.21},""pattern_structure"":{""pole_low"":9.33,""pole_low_idx"":11,""peak_price"":10.4699,""peak_idx"":30,""pole_gain"":0.12217577706323696,""flag_bars"":29,""flag_low"":9.42,""flag_high"":10.31,""structural_low"":9.42,""current_price"":9.96,""neckline_distance_pct"":0.05119477911646586,""base_bars"":29},""pattern_geometry_features"":{""pole_gain"":0.12217577706323696,""pullback_pct"":0.10027793961737942,""flag_range_pct"":0.08500558744591644,""flag_drift_per_bar"":-0.0005030268858686141,""atr_pct"":0.05792298883481249,""pole_atr_multiple"":2.109279571392001},""_schema_version"":""1.0""}",,,,,,,,,,
20260429T042402Z-4f6251,2026-04-29T04:24:02.652419+00:00,NOW,breakout_retest_hold,setup,42.39,5.0,28.0,49.5,52.9,4.9,81.2,56.0,84.0,96.8,0.7,6.16,2.97,7.4,0.64,14.62,2.8,4.2,2.9,False,,90.49,88.0,89.2322,83.733,"{""trend"":{""T1_ema_stack"":{""value"":[false,false,false],""score"":0.0},""T2_ema50_slope"":{""value"":-0.7140523571233514,""score"":0},""T3_high_proximity"":{""value"":0.6981175744483875,""score"":0},""T4_rs_1m"":{""value"":-0.2121095072512933,""score"":0},""T5_rs_3m"":{""value"":-0.336722368707592,""score"":0},""T6_adr_healthy"":{""value"":5.333189716902683,""score"":100.0},""_score"":5.0},""geometry"":{""sub_retest_depth"":0.0,""sub_retest_timing"":40.0,""sub_retest_freshness"":100.0,""sub_hold_quality"":0.0,""_score"":28.0},""compression"":{""VC1_atr_ratio"":{""value"":0.6633217336760814,""score"":84.16956658097965},""VC2_range_contraction"":{""value"":0.9723579215909575,""score"":4.607013068173757},""VC3_range_pct_rank"":{""score"":56.666666666666664},""_score"":49.45},""sr_quality"":{""SR1_touches"":{""value"":3,""score"":50.0},""SR2_tightness"":{""value"":0.49593906435726376,""score"":84.84753600134064},""SR3_recency"":{""value"":242,""score"":0.0},""SR4_price_location"":{""score"":50.196728101056124},""SR5_reaction"":{""value"":1.6796553613010363,""score"":83.98276806505181},""_score"":52.87,""_levels_found"":6,""_target_level"":98.5067},""volume"":{""V1_rvol_day"":{""value"":0.7401840706185729,""score"":16.01227137457153},""V2_rvol_sameslot"":{""value"":0.5871823823120139,""score"":5.812158820800928,""status"":""ok""},""V3_breakout_bar"":{""value"":0.5323101290495356,""score"":2.154008603302371},""V4_base_dryup"":{""value"":2.06164894420949,""score"":0},""V5_bo_expansion"":{""value"":0.7401840706185732,""score"":0},""_score"":4.9},""readiness"":{""_distance_atr"":-0.38,""BR1_atr_distance"":{""score"":100.0},""BR2_compression"":{""score"":67.01916941105075},""BR3_retest"":{""score"":100},""BR4_bo_age"":{""score"":30.0},""_score"":81.25},""risk"":{""R1_stop_clarity"":{""score"":72.46144310908093},""R2_stop_distance_pct"":{""value"":1.390026522267654,""score"":84.75066305669134},""R3_stop_distance_atr"":{""value"":0.19215364269050386,""score"":34.6076821345252},""R4_rr_potential"":{""value"":-5.3719287505912865,""score"":0.0},""_score"":55.98},""market"":{""M1_spy_regime"":{""score"":100.0},""M3_earnings_risk"":{""value"":null,""score"":80.0},""M4_vix"":{""value"":null,""score"":60.0},""_score"":84.0},""liquidity"":{""L1_price"":{""value"":90.49,""score"":100.0},""L2_dollar_vol"":{""value"":1899389003.4228804,""score"":100.0},""L3_spread_proxy"":{""value"":0.031677533429108215,""score"":68.32246657089178},""L4_volume_zscore"":{""value"":-0.41605985003475765,""score"":100.0},""_score"":96.83},""pattern_structure"":{""level"":88.0,""level_idx"":62,""breakout_idx"":66,""bo_peak_idx"":68,""bo_peak_price"":94.03,""retest_idx"":77,""retest_low"":90.1335,""structural_low"":90.1335,""current_price"":90.86,""neckline_distance_pct"":-0.03147699757869249,""base_bars"":17,""bars_since_breakout"":13},""pattern_geometry_features"":{""retest_depth_atr"":-1.3704582264658216,""bars_breakout_to_retest"":11.0,""bars_since_retest"":2.0,""current_above_level_atr"":1.8371270343061883,""bo_peak_excess_pct"":0.06852272727272729,""atr_pct"":0.07233932715532894},""_schema_version"":""1.0""}",,,,,,,,,,
20260429T042402Z-4f6251,2026-04-29T04:24:02.652419+00:00,ALKT,bull_flag,absent,42.27,9.4,17.1,69.4,45.8,70.2,38.4,77.3,84.0,86.8,1.32,5.14,6.25,4.58,9.82,3.46,2.32,5.04,4.34,False,,16.27,18.05,15.3364,19.355,"{""trend"":{""T1_ema_stack"":{""value"":[false,false,false],""score"":0.0},""T2_ema50_slope"":{""value"":-0.1674150773868101,""score"":22.097487102198315},""T3_high_proximity"":{""value"":0.7260151717983043,""score"":0},""T4_rs_1m"":{""value"":-0.055494857869118785,""score"":0},""T5_rs_3m"":{""value"":-0.2522028827709797,""score"":0},""T6_adr_healthy"":{""value"":4.767571783093542,""score"":100.0},""_score"":9.42},""geometry"":{""sub_pole_impulse"":13.8,""sub_flag_tightness"":0,""sub_flag_shallowness"":0,""sub_flag_drift"":86.7,""sub_flag_duration"":0.0,""_score"":17.14},""compression"":{""VC1_atr_ratio"":{""value"":0.4746186421888162,""score"":100},""VC2_range_contraction"":{""value"":0.8492010952256492,""score"":25.13315079572513},""VC3_range_pct_rank"":{""score"":82.5},""_score"":69.42},""sr_quality"":{""SR1_touches"":{""value"":3,""score"":50.0},""SR2_tightness"":{""value"":0.04109071265707855,""score"":89.94950946575527},""SR3_recency"":{""value"":235,""score"":0.0},""SR4_price_location"":{""score"":9.321273216875067},""SR5_reaction"":{""value"":2.962629721513679,""score"":100},""_score"":45.82,""_levels_found"":6,""_target_level"":17.5833},""volume"":{""V1_rvol_day"":{""value"":1.3476473960225115,""score"":56.50982640150076},""V2_rvol_sameslot"":{""value"":2.0501292357612524,""score"":100,""status"":""ok""},""V3_breakout_bar"":{""value"":1.4729892847568744,""score"":64.86595231712496},""V4_base_dryup"":{""value"":0.541535627552795,""score"":95.84643724472049},""V5_bo_expansion"":{""value"":1.3476473960225115,""score"":23.176493068167435},""_score"":70.16},""readiness"":{""_distance_atr"":2.177,""BR1_atr_distance"":{""score"":0},""BR2_compression"":{""score"":83.6114899202454},""BR3_retest"":{""score"":50.0},""BR4_bo_age"":{""score"":50.0},""_score"":38.4},""risk"":{""R1_stop_clarity"":{""score"":42.87536252140164},""R2_stop_distance_pct"":{""value"":5.7378610940381085,""score"":100.0},""R3_stop_distance_atr"":{""value"":1.1416978231244976,""score"":82.08489115622488},""R4_rr_potential"":{""value"":3.304590005891489,""score"":100.0},""_score"":77.32},""market"":{""M1_spy_regime"":{""score"":100.0},""M3_earnings_risk"":{""value"":null,""score"":80.0},""M4_vix"":{""value"":null,""score"":60.0},""_score"":84.0},""liquidity"":{""L1_price"":{""value"":16.27,""score"":100.0},""L2_dollar_vol"":{""value"":30872800.794803757,""score"":74.47880153330746},""L3_spread_proxy"":{""value"":0.03042409342347864,""score"":69.57590657652136},""L4_volume_zscore"":{""value"":1.3457896542016257,""score"":100.0},""_score"":86.75},""pattern_structure"":{""pole_low"":16.745,""pole_low_idx"":5,""peak_price"":18.05,""peak_idx"":30,""pole_gain"":0.07793371155568825,""flag_bars"":29,""flag_low"":15.57,""flag_high"":17.8,""structural_low"":15.57,""current_price"":16.125,""neckline_distance_pct"":0.11937984496124035,""base_bars"":29},""pattern_geometry_features"":{""pole_gain"":0.07793371155568825,""pullback_pct"":0.13739612188365652,""flag_range_pct"":0.12354570637119115,""flag_drift_per_bar"":-0.0026564325810516957,""atr_pct"":0.05025726578277288,""pole_atr_multiple"":1.5506954137246811},""_schema_version"":""1.0""}",,,,,,,,,,
20260429T042402Z-4f6251,2026-04-29T04:24:02.652419+00:00,FROG,bull_flag,absent,42.14,19.7,25.8,64.7,43.9,37.0,47.4,74.8,84.0,94.0,2.76,7.74,5.82,4.39,5.19,4.26,2.25,5.04,4.7,False,,45.5,47.55,42.286,53.3,"{""trend"":{""T1_ema_stack"":{""value"":[true,false,false],""score"":33.33333333333333},""T2_ema50_slope"":{""value"":-0.10775233330457387,""score"":32.04127778257102},""T3_high_proximity"":{""value"":0.7573866000832292,""score"":0},""T4_rs_1m"":{""value"":-0.0724204868329481,""score"":0},""T5_rs_3m"":{""value"":-0.25432216795376483,""score"":0},""T6_adr_healthy"":{""value"":5.997717671148668,""score"":100.0},""_score"":19.74},""geometry"":{""sub_pole_impulse"":36.0,""sub_flag_tightness"":0,""sub_flag_shallowness"":0,""sub_flag_drift"":100,""sub_flag_duration"":0.0,""_score"":25.8},""compression"":{""VC1_atr_ratio"":{""value"":0.3388719803335107,""score"":100},""VC2_range_contraction"":{""value"":0.7379994749094925,""score"":43.66675418175126},""VC3_range_pct_rank"":{""score"":37.5},""_score"":64.66},""sr_quality"":{""SR1_touches"":{""value"":2,""score"":25.0},""SR2_tightness"":{""value"":0.07750000000000057,""score"":93.96047870860002},""SR3_recency"":{""value"":235,""score"":0.0},""SR4_price_location"":{""score"":29.0331491712707},""SR5_reaction"":{""value"":5.590453659894241,""score"":100},""_score"":43.85,""_levels_found"":6,""_target_level"":51.9225},""volume"":{""V1_rvol_day"":{""value"":1.1216077864895468,""score"":41.440519099303124},""V2_rvol_sameslot"":{""value"":0.8567166498309202,""score"":23.781109988728012,""status"":""ok""},""V3_breakout_bar"":{""value"":0.8605569033476844,""score"":24.037126889845627},""V4_base_dryup"":{""value"":0.6610857311791517,""score"":83.89142688208483},""V5_bo_expansion"":{""value"":1.121607786489547,""score"":8.107185765969804},""_score"":37.05},""readiness"":{""_distance_atr"":0.799,""BR1_atr_distance"":{""score"":46.74830689303281},""BR2_compression"":{""score"":44.71921872500986},""BR3_retest"":{""score"":50.0},""BR4_bo_age"":{""score"":50.0},""_score"":47.38},""risk"":{""R1_stop_clarity"":{""score"":49.8174227664901},""R2_stop_distance_pct"":{""value"":7.063626373626383,""score"":100.0},""R3_stop_distance_atr"":{""value"":1.2523044809351536,""score"":87.61522404675767},""R4_rr_potential"":{""value"":2.4269201449929176,""score"":71.34600724964588},""_score"":74.85},""market"":{""M1_spy_regime"":{""score"":100.0},""M3_earnings_risk"":{""value"":null,""score"":80.0},""M4_vix"":{""value"":null,""score"":60.0},""_score"":84.0},""liquidity"":{""L1_price"":{""value"":45.5,""score"":100.0},""L2_dollar_vol"":{""value"":127136492.06949599,""score"":100.0},""L3_spread_proxy"":{""value"":0.05999999999999993,""score"":40.00000000000007},""L4_volume_zscore"":{""value"":0.26196470575338004,""score"":100.0},""_score"":94.0},""pattern_structure"":{""pole_low"":41.8,""pole_low_idx"":5,""peak_price"":47.55,""peak_idx"":30,""pole_gain"":0.1375598086124402,""flag_bars"":29,""flag_low"":42.93,""flag_high"":47.5,""structural_low"":42.93,""current_price"":45.47,""neckline_distance_pct"":0.045744446888058024,""base_bars"":29},""pattern_geometry_features"":{""pole_gain"":0.1375598086124402,""pullback_pct"":0.09716088328075705,""flag_range_pct"":0.0961093585699264,""flag_drift_per_bar"":0.0006327454576773721,""atr_pct"":0.05640502354788068,""pole_atr_multiple"":2.438786476095865},""_schema_version"":""1.0""}",,,,,,,,,,
20260429T042402Z-4f6251,2026-04-29T04:24:02.652419+00:00,PAR,vcp,absent,41.98,6.1,47.2,54.6,41.4,19.4,35.4,80.5,84.0,73.2,0.92,11.81,6.55,4.97,2.53,2.48,4.03,5.04,3.66,False,,13.81,15.31,12.9577,40.035,"{""trend"":{""T1_ema_stack"":{""value"":[false,false,false],""score"":0.0},""T2_ema50_slope"":{""value"":-1.3792834431015988,""score"":0},""T3_high_proximity"":{""value"":0.48371278458844136,""score"":0},""T4_rs_1m"":{""value"":-0.04431609128051606,""score"":5.683908719483945},""T5_rs_3m"":{""value"":-0.5320086896805309,""score"":0},""T6_adr_healthy"":{""value"":6.85179246774166,""score"":100.0},""_score"":6.14},""geometry"":{""sub_contraction_count"":100.0,""sub_reduction_rate"":0,""sub_pivot_tightness"":0,""sub_volume_dryup"":81.6,""sub_base_depth"":0.0,""sub_base_duration"":100.0,""_score"":47.24},""compression"":{""VC1_atr_ratio"":{""value"":0.3589978021069817,""score"":100},""VC2_range_contraction"":{""value"":0.8635949919795278,""score"":22.73416800341203},""VC3_range_pct_rank"":{""score"":26.66666666666667},""_score"":54.62},""sr_quality"":{""SR1_touches"":{""value"":2,""score"":25.0},""SR2_tightness"":{""value"":0.019999999999999574,""score"":95.5525906159663},""SR3_recency"":{""value"":258,""score"":0.0},""SR4_price_location"":{""score"":18.16976127320956},""SR5_reaction"":{""value"":3.885923949299533,""score"":100},""_score"":41.38,""_levels_found"":4,""_target_level"":19.98},""volume"":{""V1_rvol_day"":{""value"":0.4556005351634173,""score"":0},""V2_rvol_sameslot"":{""value"":0.22509334442281156,""score"":0,""status"":""ok""},""V3_breakout_bar"":{""value"":0.7012936130018973,""score"":13.419574200126485},""V4_base_dryup"":{""value"":0.6951740249355703,""score"":80.48259750644297},""V5_bo_expansion"":{""value"":0.4556005351634173,""score"":0},""_score"":19.45},""readiness"":{""_distance_atr"":1.668,""BR1_atr_distance"":{""score"":0},""BR2_compression"":{""score"":71.60804781089033},""BR3_retest"":{""score"":50.0},""BR4_bo_age"":{""score"":50.0},""_score"":35.4},""risk"":{""R1_stop_clarity"":{""score"":56.12074716477667},""R2_stop_distance_pct"":{""value"":6.171795800144825,""score"":100.0},""R3_stop_distance_atr"":{""value"":0.9476595508116528,""score"":72.38297754058264},""R4_rr_potential"":{""value"":30.76877951485641,""score"":100.0},""_score"":80.5},""market"":{""M1_spy_regime"":{""score"":100.0},""M3_earnings_risk"":{""value"":null,""score"":80.0},""M4_vix"":{""value"":null,""score"":60.0},""_score"":84.0},""liquidity"":{""L1_price"":{""value"":13.81,""score"":100.0},""L2_dollar_vol"":{""value"":10654185.608345931,""score"":51.37601292156893},""L3_spread_proxy"":{""value"":0.07368573497465603,""score"":26.31426502534397},""L4_volume_zscore"":{""value"":-1.130470593781106,""score"":100.0},""_score"":73.18},""pattern_structure"":{""n_contractions"":5,""contractions_pct"":[9.99,20.85,37.47,19.35,14.08],""descending_strict"":false,""final_low"":13.155,""final_pivot"":15.31,""structural_low"":13.155,""dry_up_ratio"":0.5920267276022433,""current_price"":13.81,""neckline_distance_pct"":0.10861694424330195,""base_bars"":79},""pattern_geometry_features"":{""contraction_count"":5.0,""first_contraction_pct"":0.099920802534319,""last_contraction_pct"":0.14075767472240372,""dry_up_ratio"":0.5920267276022433,""near_monotone"":0.0,""base_depth_pct"":0.6527191129883844},""_schema_version"":""1.0""}",,,,,,,,,,
20260429T042402Z-4f6251,2026-04-29T04:24:02.652419+00:00,PRGS,vcp,absent,41.89,5.0,42.1,65.6,40.3,16.8,37.0,78.5,84.0,83.6,0.75,10.53,7.87,4.83,2.18,2.59,3.93,5.04,4.18,False,,27.77,29.99,26.0532,50.79,"{""trend"":{""T1_ema_stack"":{""value"":[false,false,false],""score"":0.0},""T2_ema50_slope"":{""value"":-0.7355518929071412,""score"":0},""T3_high_proximity"":{""value"":0.6294197642792385,""score"":0},""T4_rs_1m"":{""value"":-0.11876608136381939,""score"":0},""T5_rs_3m"":{""value"":-0.3567062762997262,""score"":0},""T6_adr_healthy"":{""value"":6.001362569551929,""score"":100.0},""_score"":5.0},""geometry"":{""sub_contraction_count"":100.0,""sub_reduction_rate"":8.3,""sub_pivot_tightness"":0,""sub_volume_dryup"":33.5,""sub_base_depth"":0.0,""sub_base_duration"":100.0,""_score"":42.1},""compression"":{""VC1_atr_ratio"":{""value"":0.4021881802771064,""score"":100},""VC2_range_contraction"":{""value"":0.757972679959739,""score"":40.33788667337683},""VC3_range_pct_rank"":{""score"":45.833333333333336},""_score"":65.58},""sr_quality"":{""SR1_touches"":{""value"":2,""score"":25.0},""SR2_tightness"":{""value"":0.3149999999999995,""score"":56.82755987606287},""SR3_recency"":{""value"":235,""score"":0.0},""SR4_price_location"":{""score"":37.0247933884298},""SR5_reaction"":{""value"":3.1111567962329345,""score"":100},""_score"":40.28,""_levels_found"":5,""_target_level"":29.675},""volume"":{""V1_rvol_day"":{""value"":0.6566072880393368,""score"":10.440485869289118},""V2_rvol_sameslot"":{""value"":0.921377384146182,""score"":28.091825609745463,""status"":""ok""},""V3_breakout_bar"":{""value"":1.0423546960546388,""score"":36.15697973697592},""V4_base_dryup"":{""value"":1.6818512867529967,""score"":0},""V5_bo_expansion"":{""value"":0.6566072880393367,""score"":0},""_score"":16.75},""readiness"":{""_distance_atr"":1.521,""BR1_atr_distance"":{""score"":0},""BR2_compression"":{""score"":78.05111850067463},""BR3_retest"":{""score"":50.0},""BR4_bo_age"":{""score"":50.0},""_score"":37.01},""risk"":{""R1_stop_clarity"":{""score"":45.62328374865994},""R2_stop_distance_pct"":{""value"":6.182030968671232,""score"":100.0},""R3_stop_distance_atr"":{""value"":1.1764489933772895,""score"":83.82244966886448},""R4_rr_potential"":{""value"":13.409057812727529,""score"":100.0},""_score"":78.54},""market"":{""M1_spy_regime"":{""score"":100.0},""M3_earnings_risk"":{""value"":null,""score"":80.0},""M4_vix"":{""value"":null,""score"":60.0},""_score"":84.0},""liquidity"":{""L1_price"":{""value"":27.77,""score"":100.0},""L2_dollar_vol"":{""value"":23338897.96570419,""score"":68.40401726688792},""L3_spread_proxy"":{""value"":0.03745048613611808,""score"":62.54951386388192},""L4_volume_zscore"":{""value"":-0.7323027625530648,""score"":100.0},""_score"":83.62},""pattern_structure"":{""n_contractions"":5,""contractions_pct"":[17.31,22.37,15.3,18.87,11.8],""descending_strict"":false,""final_low"":26.45,""final_pivot"":29.99,""structural_low"":26.45,""dry_up_ratio"":0.8323258159822198,""current_price"":27.77,""neckline_distance_pct"":0.07994238386748286,""base_bars"":56},""pattern_geometry_features"":{""contraction_count"":5.0,""first_contraction_pct"":0.17312169312169312,""last_contraction_pct"":0.11803934644881625,""dry_up_ratio"":0.8323258159822198,""near_monotone"":0.0,""base_depth_pct"":0.4402116402116402},""_schema_version"":""1.0""}",,,,,,,,,,
20260429T042402Z-4f6251,2026-04-29T04:24:02.652419+00:00,PEGA,vcp,absent,41.88,5.0,45.0,39.5,51.3,18.6,42.5,80.7,84.0,90.2,0.75,11.25,4.74,6.16,2.42,2.98,4.03,5.04,4.51,False,,35.96,44.91,33.82,56.535,"{""trend"":{""T1_ema_stack"":{""value"":[false,false,false],""score"":0.0},""T2_ema50_slope"":{""value"":-0.37802574520295856,""score"":0},""T3_high_proximity"":{""value"":0.7286727456940223,""score"":0},""T4_rs_1m"":{""value"":-0.23029377283550634,""score"":0},""T5_rs_3m"":{""value"":-0.3012045767506899,""score"":0},""T6_adr_healthy"":{""value"":5.361817213923551,""score"":100.0},""_score"":5.0},""geometry"":{""sub_contraction_count"":100.0,""sub_reduction_rate"":0,""sub_pivot_tightness"":0,""sub_volume_dryup"":0,""sub_base_depth"":100.0,""sub_base_duration"":100.0,""_score"":45.0},""compression"":{""VC1_atr_ratio"":{""value"":0.6529211014643889,""score"":86.76972463390278},""VC2_range_contraction"":{""value"":1.3017371699195046,""score"":0},""VC3_range_pct_rank"":{""score"":19.166666666666664},""_score"":39.5},""sr_quality"":{""SR1_touches"":{""value"":2,""score"":25.0},""SR2_tightness"":{""value"":0.4200000000000017,""score"":66.04580928485416},""SR3_recency"":{""value"":233,""score"":0.0},""SR4_price_location"":{""score"":75.74700663203879},""SR5_reaction"":{""value"":2.477847489093371,""score"":100},""_score"":51.34,""_levels_found"":7,""_target_level"":37.96},""volume"":{""V1_rvol_day"":{""value"":0.7089067669016437,""score"":13.92711779344291},""V2_rvol_sameslot"":{""value"":0.5671548018455442,""score"":4.476986789702949,""status"":""ok""},""V3_breakout_bar"":{""value"":0.8876745688946718,""score"":25.844971259644783},""V4_base_dryup"":{""value"":1.074904034584252,""score"":42.5095965415748},""V5_bo_expansion"":{""value"":0.7089067669016437,""score"":0},""_score"":18.64},""readiness"":{""_distance_atr"":3.618,""BR1_atr_distance"":{""score"":0},""BR2_compression"":{""score"":100},""BR3_retest"":{""score"":50.0},""BR4_bo_age"":{""score"":50.0},""_score"":42.5},""risk"":{""R1_stop_clarity"":{""score"":58.36367363555246},""R2_stop_distance_pct"":{""value"":5.951126251390438,""score"":100.0},""R3_stop_distance_atr"":{""value"":0.8650335355378541,""score"":68.2516767768927},""R4_rr_potential"":{""value"":9.614373663859059,""score"":100.0},""_score"":80.67},""market"":{""M1_spy_regime"":{""score"":100.0},""M3_earnings_risk"":{""value"":null,""score"":80.0},""M4_vix"":{""value"":null,""score"":60.0},""_score"":84.0},""liquidity"":{""L1_price"":{""value"":35.96,""score"":100.0},""L2_dollar_vol"":{""value"":65449781.99905696,""score"":90.7954102167877},""L3_spread_proxy"":{""value"":0.06145717463848723,""score"":38.54282536151277},""L4_volume_zscore"":{""value"":-0.5848180432823953,""score"":100.0},""_score"":90.17},""pattern_structure"":{""n_contractions"":5,""contractions_pct"":[9.9,15.17,11.67,13.41,23.55],""descending_strict"":false,""final_low"":34.335,""final_pivot"":44.91,""structural_low"":34.335,""dry_up_ratio"":1.7159662939333387,""current_price"":35.96,""neckline_distance_pct"":0.24888765294771956,""base_bars"":43},""pattern_geometry_features"":{""contraction_count"":5.0,""first_contraction_pct"":0.09899912967798094,""last_contraction_pct"":0.23547094188376747,""dry_up_ratio"":1.7159662939333387,""near_monotone"":0.0,""base_depth_pct"":0.2529373368146214},""_schema_version"":""1.0""}",,,,,,,,,,
20260429T042402Z-4f6251,2026-04-29T04:24:02.652419+00:00,NOW,vcp,absent,41.72,5.0,45.0,49.5,52.9,10.1,34.2,77.0,84.0,96.8,0.75,11.25,5.93,6.34,1.31,2.4,3.85,5.04,4.84,False,,90.49,104.5,82.3263,131.77,"{""trend"":{""T1_ema_stack"":{""value"":[false,false,false],""score"":0.0},""T2_ema50_slope"":{""value"":-0.7140523571233514,""score"":0},""T3_high_proximity"":{""value"":0.6981175744483875,""score"":0},""T4_rs_1m"":{""value"":-0.2121095072512933,""score"":0},""T5_rs_3m"":{""value"":-0.336722368707592,""score"":0},""T6_adr_healthy"":{""value"":5.333189716902683,""score"":100.0},""_score"":5.0},""geometry"":{""sub_contraction_count"":100.0,""sub_reduction_rate"":0,""sub_pivot_tightness"":0,""sub_volume_dryup"":0,""sub_base_depth"":100.0,""sub_base_duration"":100.0,""_score"":45.0},""compression"":{""VC1_atr_ratio"":{""value"":0.6633217336760814,""score"":84.16956658097965},""VC2_range_contraction"":{""value"":0.9723579215909575,""score"":4.607013068173757},""VC3_range_pct_rank"":{""score"":56.666666666666664},""_score"":49.45},""sr_quality"":{""SR1_touches"":{""value"":3,""score"":50.0},""SR2_tightness"":{""value"":0.49593906435726376,""score"":84.84753600134064},""SR3_recency"":{""value"":242,""score"":0.0},""SR4_price_location"":{""score"":50.196728101056124},""SR5_reaction"":{""value"":1.6796553613010363,""score"":83.98276806505181},""_score"":52.87,""_levels_found"":6,""_target_level"":98.5067},""volume"":{""V1_rvol_day"":{""value"":0.7401840706185729,""score"":16.01227137457153},""V2_rvol_sameslot"":{""value"":0.5871823823120139,""score"":5.812158820800928,""status"":""ok""},""V3_breakout_bar"":{""value"":0.5323101290495356,""score"":2.154008603302371},""V4_base_dryup"":{""value"":1.240731520375344,""score"":25.9268479624656},""V5_bo_expansion"":{""value"":0.7401840706185732,""score"":0},""_score"":10.09},""readiness"":{""_distance_atr"":2.14,""BR1_atr_distance"":{""score"":0},""BR2_compression"":{""score"":67.01916941105075},""BR3_retest"":{""score"":50.0},""BR4_bo_age"":{""score"":50.0},""_score"":34.25},""risk"":{""R1_stop_clarity"":{""score"":61.695608431776236},""R2_stop_distance_pct"":{""value"":9.02165985191733,""score"":74.45850370206676},""R3_stop_distance_atr"":{""value"":1.2471307387952035,""score"":87.35653693976018},""R4_rr_potential"":{""value"":5.056530739738113,""score"":100.0},""_score"":77.03},""market"":{""M1_spy_regime"":{""score"":100.0},""M3_earnings_risk"":{""value"":null,""score"":80.0},""M4_vix"":{""value"":null,""score"":60.0},""_score"":84.0},""liquidity"":{""L1_price"":{""value"":90.49,""score"":100.0},""L2_dollar_vol"":{""value"":1899389003.4228804,""score"":100.0},""L3_spread_proxy"":{""value"":0.031677533429108215,""score"":68.32246657089178},""L4_volume_zscore"":{""value"":-0.41605985003475765,""score"":100.0},""_score"":96.83},""pattern_structure"":{""n_contractions"":5,""contractions_pct"":[10.53,11.81,17.35,23.05,20.02],""descending_strict"":false,""final_low"":83.58,""final_pivot"":104.5,""structural_low"":83.58,""dry_up_ratio"":1.6490512664261223,""current_price"":90.49,""neckline_distance_pct"":0.1548237374295503,""base_bars"":46},""pattern_geometry_features"":{""contraction_count"":5.0,""first_contraction_pct"":0.10527740189445185,""last_contraction_pct"":0.20019138755980864,""dry_up_ratio"":1.6490512664261223,""near_monotone"":0.0,""base_depth_pct"":0.2460081190798376},""_schema_version"":""1.0""}",,,,,,,,,,
20260429T042402Z-4f6251,2026-04-29T04:24:02.652419+00:00,KVYO,bull_flag,absent,41.55,13.8,25.9,66.2,39.0,36.2,57.7,69.6,84.0,92.0,1.93,7.78,5.96,3.9,5.06,5.19,2.09,5.04,4.6,False,,19.94,20.81,18.2226,23.52,"{""trend"":{""T1_ema_stack"":{""value"":[true,false,false],""score"":33.33333333333333},""T2_ema50_slope"":{""value"":-0.2854694856544557,""score"":2.4217523909240555},""T3_high_proximity"":{""value"":0.7749708511465216,""score"":0},""T4_rs_1m"":{""value"":-0.054356536550618895,""score"":0},""T5_rs_3m"":{""value"":-0.23887121497945074,""score"":0},""T6_adr_healthy"":{""value"":5.853983809257085,""score"":100.0},""_score"":13.82},""geometry"":{""sub_pole_impulse"":36.4,""sub_flag_tightness"":0,""sub_flag_shallowness"":0,""sub_flag_drift"":100,""sub_flag_duration"":0.0,""_score"":25.92},""compression"":{""VC1_atr_ratio"":{""value"":0.4664661329695828,""score"":100},""VC2_range_contraction"":{""value"":0.8573402369095784,""score"":23.776627181736938},""VC3_range_pct_rank"":{""score"":71.66666666666667},""_score"":66.24},""sr_quality"":{""SR1_touches"":{""value"":3,""score"":50.0},""SR2_tightness"":{""value"":0.25317925577652545,""score"":58.3386078718443},""SR3_recency"":{""value"":226,""score"":0.0},""SR4_price_location"":{""score"":0.8278297981937188},""SR5_reaction"":{""value"":3.0458201593029237,""score"":100},""_score"":38.96,""_levels_found"":8,""_target_level"":21.737},""volume"":{""V1_rvol_day"":{""value"":0.7699076524481404,""score"":17.993843496542695},""V2_rvol_sameslot"":{""value"":0.8144303712815594,""score"":20.962024752103957,""status"":""ok""},""V3_breakout_bar"":{""value"":1.2365623144326272,""score"":49.10415429550848},""V4_base_dryup"":{""value"":0.695309853883559,""score"":80.4690146116441},""V5_bo_expansion"":{""value"":0.7699076524481404,""score"":0},""_score"":36.16},""readiness"":{""_distance_atr"":0.716,""BR1_atr_distance"":{""score"":52.279645976092915},""BR2_compression"":{""score"":76.99606393342472},""BR3_retest"":{""score"":50.0},""BR4_bo_age"":{""score"":50.0},""_score"":57.66},""risk"":{""R1_stop_clarity"":{""score"":54.33631095805078},""R2_stop_distance_pct"":{""value"":8.612846038114348,""score"":84.67884904714128},""R3_stop_distance_atr"":{""value"":1.4130173720894716,""score"":95.65086860447359},""R4_rr_potential"":{""value"":2.0845445866909937,""score"":54.22722933454969},""_score"":69.61},""market"":{""M1_spy_regime"":{""score"":100.0},""M3_earnings_risk"":{""value"":null,""score"":80.0},""M4_vix"":{""value"":null,""score"":60.0},""_score"":84.0},""liquidity"":{""L1_price"":{""value"":19.94,""score"":100.0},""L2_dollar_vol"":{""value"":62258681.557530865,""score"":89.7099959728405},""L3_spread_proxy"":{""value"":0.03911735205616856,""score"":60.882647943831444},""L4_volume_zscore"":{""value"":-0.7704351973559257,""score"":100.0},""_score"":91.97},""pattern_structure"":{""pole_low"":18.1,""pole_low_idx"":5,""peak_price"":20.81,""peak_idx"":30,""pole_gain"":0.1497237569060772,""flag_bars"":29,""flag_low"":18.5001,""flag_high"":20.725,""structural_low"":18.5001,""current_price"":20.05,""neckline_distance_pct"":0.03790523690773057,""base_bars"":29},""pattern_geometry_features"":{""pole_gain"":0.1497237569060772,""pullback_pct"":0.11099951946179717,""flag_range_pct"":0.10691494473810677,""flag_drift_per_bar"":0.0001758411852142919,""atr_pct"":0.06095357501074648,""pole_atr_multiple"":2.456357266652202},""_schema_version"":""1.0""}",,,,,,,,,,
20260429T042402Z-4f6251,2026-04-29T04:24:02.652419+00:00,HUBS,vcp,absent,41.48,5.0,45.1,58.7,45.1,7.5,38.4,71.6,84.0,94.6,0.75,11.27,7.05,5.41,0.97,2.69,3.58,5.04,4.73,False,,225.97,243.62,203.7571,372.05,"{""trend"":{""T1_ema_stack"":{""value"":[false,false,false],""score"":0.0},""T2_ema50_slope"":{""value"":-0.6963097182122404,""score"":0},""T3_high_proximity"":{""value"":0.712591845101069,""score"":0},""T4_rs_1m"":{""value"":-0.14326489080659155,""score"":0},""T5_rs_3m"":{""value"":-0.31638559111660636,""score"":0},""T6_adr_healthy"":{""value"":6.304094366413496,""score"":100.0},""_score"":5.0},""geometry"":{""sub_contraction_count"":100.0,""sub_reduction_rate"":30.3,""sub_pivot_tightness"":0,""sub_volume_dryup"":5.2,""sub_base_depth"":17.0,""sub_base_duration"":100.0,""_score"":45.06},""compression"":{""VC1_atr_ratio"":{""value"":0.3116302134332543,""score"":100},""VC2_range_contraction"":{""value"":0.8358709648332996,""score"":27.35483919445007},""VC3_range_pct_rank"":{""score"":36.66666666666667},""_score"":58.74},""sr_quality"":{""SR1_touches"":{""value"":2,""score"":25.0},""SR2_tightness"":{""value"":0.6599999999999824,""score"":91.14942528735655},""SR3_recency"":{""value"":254,""score"":0.0},""SR4_price_location"":{""score"":35.56787694509034},""SR5_reaction"":{""value"":2.220186781609195,""score"":100},""_score"":45.06,""_levels_found"":4,""_target_level"":255.99},""volume"":{""V1_rvol_day"":{""value"":0.5815834480309449,""score"":5.4388965353963235},""V2_rvol_sameslot"":{""value"":0.48969070791730723,""score"":0,""status"":""ok""},""V3_breakout_bar"":{""value"":0.8843598586765207,""score"":25.623990578434714},""V4_base_dryup"":{""value"":1.8509036032849477,""score"":0},""V5_bo_expansion"":{""value"":0.581583448030945,""score"":0},""_score"":7.49},""readiness"":{""_distance_atr"":1.183,""BR1_atr_distance"":{""score"":21.104725415070234},""BR2_compression"":{""score"":49.712725883735246},""BR3_retest"":{""score"":50.0},""BR4_bo_age"":{""score"":50.0},""_score"":38.37},""risk"":{""R1_stop_clarity"":{""score"":58.3902298850574},""R2_stop_distance_pct"":{""value"":9.83002168429437,""score"":54.24945789264073},""R3_stop_distance_atr"":{""value"":1.4893706896551715,""score"":99.46853448275857},""R4_rr_potential"":{""value"":6.576358782509266,""score"":100.0},""_score"":71.63},""market"":{""M1_spy_regime"":{""score"":100.0},""M3_earnings_risk"":{""value"":null,""score"":80.0},""M4_vix"":{""value"":null,""score"":60.0},""_score"":84.0},""liquidity"":{""L1_price"":{""value"":225.97,""score"":100.0},""L2_dollar_vol"":{""value"":202772513.95828694,""score"":100.0},""L3_spread_proxy"":{""value"":0.0544320042483516,""score"":45.5679957516484},""L4_volume_zscore"":{""value"":-0.8509468761097525,""score"":100.0},""_score"":94.56},""pattern_structure"":{""n_contractions"":5,""contractions_pct"":[38.2,16.57,14.03,17.7,15.09],""descending_strict"":false,""final_low"":206.86,""final_pivot"":243.62,""structural_low"":206.86,""dry_up_ratio"":0.9740996004257902,""current_price"":225.97,""neckline_distance_pct"":0.07810771341328497,""base_bars"":60},""pattern_geometry_features"":{""contraction_count"":5.0,""first_contraction_pct"":0.382027498583316,""last_contraction_pct"":0.1508907314670388,""dry_up_ratio"":0.9740996004257902,""near_monotone"":0.0,""base_depth_pct"":0.3830415461242506},""_schema_version"":""1.0""}",,,,,,,,,,
20260429T042402Z-4f6251,2026-04-29T04:24:02.652419+00:00,VNET,vcp,absent,41.46,13.3,45.7,60.4,42.9,8.9,30.8,57.6,84.0,87.8,2.0,11.43,7.25,5.15,1.16,2.16,2.88,5.04,4.39,False,,8.5,9.75,8.4661,12.645,"{""trend"":{""T1_ema_stack"":{""value"":[false,false,true],""score"":33.33333333333333},""T2_ema50_slope"":{""value"":-0.41145257177384903,""score"":0},""T3_high_proximity"":{""value"":0.6058446186742694,""score"":0},""T4_rs_1m"":{""value"":-0.1164629440074445,""score"":0},""T5_rs_3m"":{""value"":-0.2737338472719283,""score"":0},""T6_adr_healthy"":{""value"":4.703675335598003,""score"":100.0},""_score"":13.33},""geometry"":{""sub_contraction_count"":100.0,""sub_reduction_rate"":0,""sub_pivot_tightness"":0,""sub_volume_dryup"":4.7,""sub_base_depth"":100.0,""sub_base_duration"":100.0,""_score"":45.7},""compression"":{""VC1_atr_ratio"":{""value"":0.3976097394421084,""score"":100},""VC2_range_contraction"":{""value"":0.8603637224082886,""score"":23.272712931951897},""VC3_range_pct_rank"":{""score"":49.16666666666667},""_score"":60.44},""sr_quality"":{""SR1_touches"":{""value"":3,""score"":50.0},""SR2_tightness"":{""value"":0.053124591501697745,""score"":76.8559916284555},""SR3_recency"":{""value"":235,""score"":0.0},""SR4_price_location"":{""score"":15.181753385602558},""SR5_reaction"":{""value"":1.6736423373942646,""score"":83.68211686971323},""_score"":42.88,""_levels_found"":6,""_target_level"":8.8967},""volume"":{""V1_rvol_day"":{""value"":1.0937960680915015,""score"":39.58640453943343},""V2_rvol_sameslot"":{""value"":0.5072399905339541,""score"":0.4826660355969385,""status"":""ok""},""V3_breakout_bar"":{""value"":0.4168175333231919,""score"":0},""V4_base_dryup"":{""value"":1.5185367932986624,""score"":0},""V5_bo_expansion"":{""value"":1.0937960680915013,""score"":6.2530712061000875},""_score"":8.95},""readiness"":{""_distance_atr"":2.723,""BR1_atr_distance"":{""score"":0},""BR2_compression"":{""score"":53.26058802482844},""BR3_retest"":{""score"":50.0},""BR4_bo_age"":{""score"":50.0},""_score"":30.82},""risk"":{""R1_stop_clarity"":{""score"":43.833144030744556},""R2_stop_distance_pct"":{""value"":0.3991176470588233,""score"":59.97794117647059},""R3_stop_distance_atr"":{""value"":0.07389802554806985,""score"":28.694901277403495},""R4_rr_potential"":{""value"":122.18128224023586,""score"":100.0},""_score"":57.64},""market"":{""M1_spy_regime"":{""score"":100.0},""M3_earnings_risk"":{""value"":null,""score"":80.0},""M4_vix"":{""value"":null,""score"":60.0},""_score"":84.0},""liquidity"":{""L1_price"":{""value"":8.5,""score"":99.25},""L2_dollar_vol"":{""value"":46778788.4517545,""score"":83.50244847997214},""L3_spread_proxy"":{""value"":0.05411764705882363,""score"":45.88235294117637},""L4_volume_zscore"":{""value"":0.22105543697078348,""score"":100.0},""_score"":87.8},""pattern_structure"":{""n_contractions"":5,""contractions_pct"":[15.19,26.54,16.5,13.76,11.85],""descending_strict"":false,""final_low"":8.595,""final_pivot"":9.75,""structural_low"":8.595,""dry_up_ratio"":0.976358834786131,""current_price"":8.5,""neckline_distance_pct"":0.14705882352941177,""base_bars"":54},""pattern_geometry_features"":{""contraction_count"":5.0,""first_contraction_pct"":0.1518711923411663,""last_contraction_pct"":0.1184615384615384,""dry_up_ratio"":0.976358834786131,""near_monotone"":0.0,""base_depth_pct"":0.2519582245430809},""_schema_version"":""1.0""}",,,,,,,,,,
20260429T042402Z-4f6251,2026-04-29T04:24:02.652419+00:00,WK,vcp,absent,41.13,5.0,40.2,50.8,50.8,15.2,37.3,78.9,84.0,91.3,0.75,10.06,6.1,6.09,1.97,2.61,3.94,5.04,4.57,False,,54.19,59.025,50.2153,92.665,"{""trend"":{""T1_ema_stack"":{""value"":[false,false,false],""score"":0.0},""T2_ema50_slope"":{""value"":-0.5379521562349917,""score"":0},""T3_high_proximity"":{""value"":0.6666256612129412,""score"":0},""T4_rs_1m"":{""value"":-0.18532321288367537,""score"":0},""T5_rs_3m"":{""value"":-0.35452827509831963,""score"":0},""T6_adr_healthy"":{""value"":4.122645264057155,""score"":100.0},""_score"":5.0},""geometry"":{""sub_contraction_count"":100.0,""sub_reduction_rate"":20.0,""sub_pivot_tightness"":0,""sub_volume_dryup"":0,""sub_base_depth"":2.5,""sub_base_duration"":100.0,""_score"":40.25},""compression"":{""VC1_atr_ratio"":{""value"":0.3385442288910555,""score"":100},""VC2_range_contraction"":{""value"":1.0198158173154903,""score"":0},""VC3_range_pct_rank"":{""score"":43.333333333333336},""_score"":50.83},""sr_quality"":{""SR1_touches"":{""value"":3,""score"":50.0},""SR2_tightness"":{""value"":0.6135189936387915,""score"":51.53468240404525},""SR3_recency"":{""value"":242,""score"":0.0},""SR4_price_location"":{""score"":52.18649517684888},""SR5_reaction"":{""value"":2.8445008698923218,""score"":100},""_score"":50.78,""_levels_found"":5,""_target_level"":56.6683},""volume"":{""V1_rvol_day"":{""value"":1.094842367516511,""score"":39.656157834434076},""V2_rvol_sameslot"":{""value"":0.5755687015721226,""score"":5.037913438141506,""status"":""ok""},""V3_breakout_bar"":{""value"":0.5617076213847673,""score"":4.1138414256511515},""V4_base_dryup"":{""value"":1.2885315466408729,""score"":21.146845335912715},""V5_bo_expansion"":{""value"":1.0948423675165109,""score"":6.322824501100725},""_score"":15.15},""readiness"":{""_distance_atr"":1.91,""BR1_atr_distance"":{""score"":0},""BR2_compression"":{""score"":79.05669968529763},""BR3_retest"":{""score"":50.0},""BR4_bo_age"":{""score"":50.0},""_score"":37.26},""risk"":{""R1_stop_clarity"":{""score"":39.592044011849524},""R2_stop_distance_pct"":{""value"":7.334748108507102,""score"":100.0},""R3_stop_distance_atr"":{""value"":1.5699195937367747,""score"":100.0},""R4_rr_potential"":{""value"":9.67997584723376,""score"":100.0},""_score"":78.86},""market"":{""M1_spy_regime"":{""score"":100.0},""M3_earnings_risk"":{""value"":null,""score"":80.0},""M4_vix"":{""value"":null,""score"":60.0},""_score"":84.0},""liquidity"":{""L1_price"":{""value"":54.19,""score"":100.0},""L2_dollar_vol"":{""value"":57157233.08316874,""score"":87.8535598462225},""L3_spread_proxy"":{""value"":0.03801439379959393,""score"":61.98560620040607},""L4_volume_zscore"":{""value"":0.20207957414912853,""score"":100.0},""_score"":91.34},""pattern_structure"":{""n_contractions"":5,""contractions_pct"":[33.74,16.88,7.85,10.24,13.63],""descending_strict"":false,""final_low"":50.98,""final_pivot"":59.025,""structural_low"":50.98,""dry_up_ratio"":1.6333455625292674,""current_price"":54.19,""neckline_distance_pct"":0.08922310389370734,""base_bars"":61},""pattern_geometry_features"":{""contraction_count"":5.0,""first_contraction_pct"":0.3374497754667928,""last_contraction_pct"":0.136298178737823,""dry_up_ratio"":1.6333455625292674,""near_monotone"":0.0,""base_depth_pct"":0.39754195225714967},""_schema_version"":""1.0""}",,,,,,,,,,
20260429T042402Z-4f6251,2026-04-29T04:24:02.652419+00:00,ICE,double_bottom,absent,40.84,22.7,18.3,51.3,61.5,28.9,38.4,56.5,84.0,97.7,3.4,4.57,4.1,8.62,3.75,3.07,3.39,5.04,4.88,True,risk_unclear,156.3,164.33,153.7092,172.61,"{""trend"":{""T1_ema_stack"":{""value"":[false,false,false],""score"":0.0},""T2_ema50_slope"":{""value"":0.022281521252709942,""score"":53.713586875451654},""T3_high_proximity"":{""value"":0.8926327812678471,""score"":46.31639063392351},""T4_rs_1m"":{""value"":-0.0986033303378635,""score"":0},""T5_rs_3m"":{""value"":-0.12128461991503703,""score"":0},""T6_adr_healthy"":{""value"":2.2404876431110243,""score"":100.0},""_score"":22.69},""geometry"":{""sub_low_similarity"":14.1,""sub_bounce_quality"":32.9,""sub_separation_fit"":0.0,""sub_right_bottom_reaction"":9.9,""sub_base_context"":30.0,""_score"":18.29},""compression"":{""VC1_atr_ratio"":{""value"":0.3306683077833172,""score"":100},""VC2_range_contraction"":{""value"":0.9347511171684192,""score"":10.87481380526347},""VC3_range_pct_rank"":{""score"":30.000000000000004},""_score"":51.31},""sr_quality"":{""SR1_touches"":{""value"":5,""score"":100},""SR2_tightness"":{""value"":0.6331753311682338,""score"":65.20536715657455},""SR3_recency"":{""value"":233,""score"":0.0},""SR4_price_location"":{""score"":27.07518685343811},""SR5_reaction"":{""value"":2.2474240967165815,""score"":100},""_score"":61.55,""_levels_found"":6,""_target_level"":158.7555},""volume"":{""V1_rvol_day"":{""value"":0.9534218817164131,""score"":30.228125447760874},""V2_rvol_sameslot"":{""value"":0.766405101066831,""score"":17.76034007112207,""status"":""ok""},""V3_breakout_bar"":{""value"":0.9129551576515583,""score"":27.530343843437223},""V4_base_dryup"":{""value"":0.8803050224252209,""score"":61.96949775747791},""V5_bo_expansion"":{""value"":0.9534218817164131,""score"":0},""_score"":28.87},""readiness"":{""_distance_atr"":2.206,""BR1_atr_distance"":{""score"":0},""BR2_compression"":{""score"":83.53305285469806},""BR3_retest"":{""score"":50.0},""BR4_bo_age"":{""score"":50.0},""_score"":38.38},""risk"":{""R1_stop_clarity"":{""score"":0},""R2_stop_distance_pct"":{""value"":1.6575495841330863,""score"":91.43873960332715},""R3_stop_distance_atr"":{""value"":0.7118422860283052,""score"":60.592114301415265},""R4_rr_potential"":{""value"":6.295474283508603,""score"":100.0},""_score"":56.52},""market"":{""M1_spy_regime"":{""score"":100.0},""M3_earnings_risk"":{""value"":null,""score"":80.0},""M4_vix"":{""value"":null,""score"":60.0},""_score"":84.0},""liquidity"":{""L1_price"":{""value"":156.3,""score"":100.0},""L2_dollar_vol"":{""value"":433264660.8895323,""score"":100.0},""L3_spread_proxy"":{""value"":0.02328854766474719,""score"":76.7114523352528},""L4_volume_zscore"":{""value"":-0.18612451001714342,""score"":100.0},""_score"":97.67},""pattern_structure"":{""left_low"":162.9,""left_idx"":27,""right_low"":156.05,""right_idx"":74,""separation_bars"":47,""structural_low"":156.05,""current_price"":156.625,""neckline_distance_pct"":0.049193934557063126,""base_bars"":47},""pattern_geometry_features"":{""low_similarity_pct"":0.04295344097820971,""bounce_pct"":0.053059916693367515,""right_bottom_reaction"":0.0989010989010952,""atr_pct"":0.02328534868841968},""_schema_version"":""1.0""}",,,,,,,,,,
20260429T042402Z-4f6251,2026-04-29T04:24:02.652419+00:00,FRMI,vcp,absent,40.34,2.0,35.0,59.6,62.4,4.5,33.5,84.6,84.0,89.1,0.3,8.75,7.15,7.48,0.58,2.35,4.23,5.04,4.45,False,,5.29,7.04,4.9546,12.46,"{""trend"":{""T1_ema_stack"":{""value"":[false,false,false],""score"":0.0},""T2_ema50_slope"":{""value"":-1.779912781464397,""score"":0},""T3_high_proximity"":{""value"":0.448685326547922,""score"":0},""T4_rs_1m"":{""value"":-0.2663930487545769,""score"":0},""T5_rs_3m"":{""value"":-0.47167666321961044,""score"":0},""T6_adr_healthy"":{""value"":10.384203385704778,""score"":40.394915357380555},""_score"":2.02},""geometry"":{""sub_contraction_count"":100.0,""sub_reduction_rate"":0,""sub_pivot_tightness"":0,""sub_volume_dryup"":0,""sub_base_depth"":0.0,""sub_base_duration"":100.0,""_score"":35.0},""compression"":{""VC1_atr_ratio"":{""value"":0.5995341944180118,""score"":100},""VC2_range_contraction"":{""value"":1.2484705549134514,""score"":0},""VC3_range_pct_rank"":{""score"":78.33333333333333},""_score"":59.58},""sr_quality"":{""SR1_touches"":{""value"":3,""score"":50.0},""SR2_tightness"":{""value"":0.0984321537348894,""score"":70.23649779074617},""SR3_recency"":{""value"":31,""score"":98.33333333333333},""SR4_price_location"":{""score"":28.28025477707007},""SR5_reaction"":{""value"":3.7645788336933053,""score"":100},""_score"":62.36,""_levels_found"":5,""_target_level"":7.1667},""volume"":{""V1_rvol_day"":{""value"":0.6032262066425338,""score"":6.881747109502252},""V2_rvol_sameslot"":{""value"":0.4673637664636265,""score"":0,""status"":""ok""},""V3_breakout_bar"":{""value"":0.6847247058438777,""score"":12.314980389591845},""V4_base_dryup"":{""value"":2.041781868389635,""score"":0},""V5_bo_expansion"":{""value"":0.6032262066425338,""score"":0},""_score"":4.46},""readiness"":{""_distance_atr"":2.646,""BR1_atr_distance"":{""score"":0},""BR2_compression"":{""score"":64.18726437670696},""BR3_retest"":{""score"":50.0},""BR4_bo_age"":{""score"":50.0},""_score"":33.55},""risk"":{""R1_stop_clarity"":{""score"":77.18574514038876},""R2_stop_distance_pct"":{""value"":6.341209829867671,""score"":100.0},""R3_stop_distance_atr"":{""value"":0.5071598272138227,""score"":50.35799136069114},""R4_rr_potential"":{""value"":21.374273364137736,""score"":100.0},""_score"":84.57},""market"":{""M1_spy_regime"":{""score"":100.0},""M3_earnings_risk"":{""value"":null,""score"":80.0},""M4_vix"":{""value"":null,""score"":60.0},""_score"":84.0},""liquidity"":{""L1_price"":{""value"":5.29,""score"":97.64500000000001},""L2_dollar_vol"":{""value"":63902509.84659322,""score"":90.27589579612018},""L3_spread_proxy"":{""value"":0.06427221172022682,""score"":35.72778827977318},""L4_volume_zscore"":{""value"":-0.5590102180231433,""score"":100.0},""_score"":89.09},""pattern_structure"":{""n_contractions"":5,""contractions_pct"":[16.84,18.7,36.89,47.33,28.55],""descending_strict"":false,""final_low"":5.03,""final_pivot"":7.04,""structural_low"":5.03,""dry_up_ratio"":2.043856447531588,""current_price"":5.29,""neckline_distance_pct"":0.33081285444234404,""base_bars"":63},""pattern_geometry_features"":{""contraction_count"":5.0,""first_contraction_pct"":0.16842105263157894,""last_contraction_pct"":0.2855113636363636,""dry_up_ratio"":2.043856447531588,""near_monotone"":0.0,""base_depth_pct"":0.5186602870813397},""_schema_version"":""1.0""}",,,,,,,,,,
20260429T042402Z-4f6251,2026-04-29T04:24:02.652419+00:00,PAR,bull_flag,absent,40.24,6.1,42.0,54.6,41.4,21.2,45.5,65.6,84.0,73.2,0.86,12.59,4.92,4.14,2.97,4.1,1.97,5.04,3.66,False,,13.81,14.8176,13.6817,16.4802,"{""trend"":{""T1_ema_stack"":{""value"":[false,false,false],""score"":0.0},""T2_ema50_slope"":{""value"":-1.3792834431015988,""score"":0},""T3_high_proximity"":{""value"":0.48371278458844136,""score"":0},""T4_rs_1m"":{""value"":-0.04431609128051606,""score"":5.683908719483945},""T5_rs_3m"":{""value"":-0.5320086896805309,""score"":0},""T6_adr_healthy"":{""value"":6.85179246774166,""score"":100.0},""_score"":6.14},""geometry"":{""sub_pole_impulse"":23.5,""sub_flag_tightness"":55.5,""sub_flag_shallowness"":0.9,""sub_flag_drift"":72.4,""sub_flag_duration"":100.0,""_score"":41.97},""compression"":{""VC1_atr_ratio"":{""value"":0.3589978021069817,""score"":100},""VC2_range_contraction"":{""value"":0.8635949919795278,""score"":22.73416800341203},""VC3_range_pct_rank"":{""score"":26.66666666666667},""_score"":54.62},""sr_quality"":{""SR1_touches"":{""value"":2,""score"":25.0},""SR2_tightness"":{""value"":0.019999999999999574,""score"":95.5525906159663},""SR3_recency"":{""value"":258,""score"":0.0},""SR4_price_location"":{""score"":18.16976127320956},""SR5_reaction"":{""value"":3.885923949299533,""score"":100},""_score"":41.38,""_levels_found"":4,""_target_level"":19.98},""volume"":{""V1_rvol_day"":{""value"":0.4556005351634173,""score"":0},""V2_rvol_sameslot"":{""value"":0.22509334442281156,""score"":0,""status"":""ok""},""V3_breakout_bar"":{""value"":0.7012936130018973,""score"":13.419574200126485},""V4_base_dryup"":{""value"":0.6066063235410383,""score"":89.33936764589617},""V5_bo_expansion"":{""value"":0.4556005351634173,""score"":0},""_score"":21.22},""readiness"":{""_distance_atr"":1.12,""BR1_atr_distance"":{""score"":25.31317174412571},""BR2_compression"":{""score"":71.60804781089033},""BR3_retest"":{""score"":50.0},""BR4_bo_age"":{""score"":50.0},""_score"":45.53},""risk"":{""R1_stop_clarity"":{""score"":53.66911274182802},""R2_stop_distance_pct"":{""value"":0.9293989862418486,""score"":73.23497465604622},""R3_stop_distance_atr"":{""value"":0.1427062486101838,""score"":32.13531243050919},""R4_rr_potential"":{""value"":20.804051421893398,""score"":100.0},""_score"":65.57},""market"":{""M1_spy_regime"":{""score"":100.0},""M3_earnings_risk"":{""value"":null,""score"":80.0},""M4_vix"":{""value"":null,""score"":60.0},""_score"":84.0},""liquidity"":{""L1_price"":{""value"":13.81,""score"":100.0},""L2_dollar_vol"":{""value"":10654185.608345931,""score"":51.37601292156893},""L3_spread_proxy"":{""value"":0.07368573497465603,""score"":26.31426502534397},""L4_volume_zscore"":{""value"":-1.130470593781106,""score"":100.0},""_score"":73.18},""pattern_structure"":{""pole_low"":13.155,""pole_low_idx"":40,""peak_price"":14.8176,""peak_idx"":54,""pole_gain"":0.1263854047890537,""flag_bars"":5,""flag_low"":13.89,""flag_high"":14.39,""structural_low"":13.89,""current_price"":13.95,""neckline_distance_pct"":0.06219354838709687,""base_bars"":5},""pattern_geometry_features"":{""pole_gain"":0.1263854047890537,""pullback_pct"":0.0626012309685779,""flag_range_pct"":0.033743656192635786,""flag_drift_per_bar"":-0.005520430107527042,""atr_pct"":0.06512671976828385,""pole_atr_multiple"":1.9406075607480893},""_schema_version"":""1.0""}",,,,,,,,,,
20260429T042402Z-4f6251,2026-04-29T04:24:02.652419+00:00,TTAN,double_bottom,absent,40.21,5.0,38.2,52.0,39.1,23.0,39.5,75.8,84.0,90.4,0.75,9.56,4.16,5.48,2.99,3.16,4.55,5.04,4.52,False,,60.68,68.075,58.7552,76.5,"{""trend"":{""T1_ema_stack"":{""value"":[false,false,false],""score"":0.0},""T2_ema50_slope"":{""value"":-0.5769164822287051,""score"":0},""T3_high_proximity"":{""value"":0.6626624440318882,""score"":0},""T4_rs_1m"":{""value"":-0.11757798421454013,""score"":0},""T5_rs_3m"":{""value"":-0.3617142123274496,""score"":0},""T6_adr_healthy"":{""value"":5.476302241704188,""score"":100.0},""_score"":5.0},""geometry"":{""sub_low_similarity"":39.9,""sub_bounce_quality"":100,""sub_separation_fit"":0.0,""sub_right_bottom_reaction"":1.9,""sub_base_context"":30.0,""_score"":38.25},""compression"":{""VC1_atr_ratio"":{""value"":0.4208483449300743,""score"":100},""VC2_range_contraction"":{""value"":0.9755250864844176,""score"":4.0791522525970665},""VC3_range_pct_rank"":{""score"":42.50000000000001},""_score"":52.05},""sr_quality"":{""SR1_touches"":{""value"":2,""score"":25.0},""SR2_tightness"":{""value"":0.44249999999999545,""score"":76.29379620700765},""SR3_recency"":{""value"":226,""score"":0.0},""SR4_price_location"":{""score"":20.67976722611119},""SR5_reaction"":{""value"":2.225302689381763,""score"":100},""_score"":39.11,""_levels_found"":5,""_target_level"":68.5175},""volume"":{""V1_rvol_day"":{""value"":0.949907024931604,""score"":29.99380166210693},""V2_rvol_sameslot"":{""value"":0.662237000952257,""score"":10.8158000634838,""status"":""ok""},""V3_breakout_bar"":{""value"":0.7389310378136598,""score"":15.928735854243984},""V4_base_dryup"":{""value"":0.9577709368350324,""score"":54.222906316496754},""V5_bo_expansion"":{""value"":0.949907024931604,""score"":0},""_score"":22.99},""readiness"":{""_distance_atr"":1.981,""BR1_atr_distance"":{""score"":0},""BR2_compression"":{""score"":88.00543797839818},""BR3_retest"":{""score"":50.0},""BR4_bo_age"":{""score"":50.0},""_score"":39.5},""risk"":{""R1_stop_clarity"":{""score"":52.06525233044027},""R2_stop_distance_pct"":{""value"":3.171967699406729,""score"":100.0},""R3_stop_distance_atr"":{""value"":0.5155764491588993,""score"":50.77882245794496},""R4_rr_potential"":{""value"":8.219249253149746,""score"":100.0},""_score"":75.84},""market"":{""M1_spy_regime"":{""score"":100.0},""M3_earnings_risk"":{""value"":null,""score"":80.0},""M4_vix"":{""value"":null,""score"":60.0},""_score"":84.0},""liquidity"":{""L1_price"":{""value"":60.68,""score"":100.0},""L2_dollar_vol"":{""value"":59989353.3614432,""score"":88.90370903030282},""L3_spread_proxy"":{""value"":0.05133487145682259,""score"":48.66512854317741},""L4_volume_zscore"":{""value"":-0.17432139773507632,""score"":100.0},""_score"":90.43},""pattern_structure"":{""left_low"":61.47,""left_idx"":25,""right_low"":59.65,""right_idx"":73,""separation_bars"":48,""structural_low"":59.65,""current_price"":60.4,""neckline_distance_pct"":0.12706953642384114,""base_bars"":48},""pattern_geometry_features"":{""low_similarity_pct"":0.03005284015852048,""bounce_pct"":0.14124056999161785,""right_bottom_reaction"":0.018867924528304797,""atr_pct"":0.06152274225444958},""_schema_version"":""1.0""}",,,,,,,,,,
20260429T042402Z-4f6251,2026-04-29T04:24:02.652419+00:00,TTAN,vcp,absent,40.14,5.0,35.1,52.0,39.1,26.2,39.5,79.0,84.0,90.4,0.75,8.78,6.25,4.69,3.4,2.77,3.95,5.04,4.52,False,,60.68,68.075,57.3762,119.775,"{""trend"":{""T1_ema_stack"":{""value"":[false,false,false],""score"":0.0},""T2_ema50_slope"":{""value"":-0.5769164822287051,""score"":0},""T3_high_proximity"":{""value"":0.6626624440318882,""score"":0},""T4_rs_1m"":{""value"":-0.11757798421454013,""score"":0},""T5_rs_3m"":{""value"":-0.3617142123274496,""score"":0},""T6_adr_healthy"":{""value"":5.476302241704188,""score"":100.0},""_score"":5.0},""geometry"":{""sub_contraction_count"":100.0,""sub_reduction_rate"":0.4,""sub_pivot_tightness"":0,""sub_volume_dryup"":0,""sub_base_depth"":0.0,""sub_base_duration"":100.0,""_score"":35.1},""compression"":{""VC1_atr_ratio"":{""value"":0.4208483449300743,""score"":100},""VC2_range_contraction"":{""value"":0.9755250864844176,""score"":4.0791522525970665},""VC3_range_pct_rank"":{""score"":42.50000000000001},""_score"":52.05},""sr_quality"":{""SR1_touches"":{""value"":2,""score"":25.0},""SR2_tightness"":{""value"":0.44249999999999545,""score"":76.29379620700765},""SR3_recency"":{""value"":226,""score"":0.0},""SR4_price_location"":{""score"":20.67976722611119},""SR5_reaction"":{""value"":2.225302689381763,""score"":100},""_score"":39.11,""_levels_found"":5,""_target_level"":68.5175},""volume"":{""V1_rvol_day"":{""value"":0.949907024931604,""score"":29.99380166210693},""V2_rvol_sameslot"":{""value"":0.662237000952257,""score"":10.8158000634838,""status"":""ok""},""V3_breakout_bar"":{""value"":0.7389310378136598,""score"":15.928735854243984},""V4_base_dryup"":{""value"":0.798991078670819,""score"":70.1008921329181},""V5_bo_expansion"":{""value"":0.949907024931604,""score"":0},""_score"":26.16},""readiness"":{""_distance_atr"":1.981,""BR1_atr_distance"":{""score"":0},""BR2_compression"":{""score"":88.00543797839818},""BR3_retest"":{""score"":50.0},""BR4_bo_age"":{""score"":50.0},""_score"":39.5},""risk"":{""R1_stop_clarity"":{""score"":53.190292510446746},""R2_stop_distance_pct"":{""value"":5.44454515491101,""score"":100.0},""R3_stop_distance_atr"":{""value"":0.8849646415943427,""score"":69.24823207971713},""R4_rr_potential"":{""value"":17.887249337873627,""score"":100.0},""_score"":79.0},""market"":{""M1_spy_regime"":{""score"":100.0},""M3_earnings_risk"":{""value"":null,""score"":80.0},""M4_vix"":{""value"":null,""score"":60.0},""_score"":84.0},""liquidity"":{""L1_price"":{""value"":60.68,""score"":100.0},""L2_dollar_vol"":{""value"":59989353.3614432,""score"":88.90370903030282},""L3_spread_proxy"":{""value"":0.05133487145682259,""score"":48.66512854317741},""L4_volume_zscore"":{""value"":-0.17432139773507632,""score"":100.0},""_score"":90.43},""pattern_structure"":{""n_contractions"":5,""contractions_pct"":[20.8,36.24,28.52,15.99,14.43],""descending_strict"":false,""final_low"":58.25,""final_pivot"":68.075,""structural_low"":58.25,""dry_up_ratio"":1.1106050316911003,""current_price"":60.68,""neckline_distance_pct"":0.1218688200395518,""base_bars"":70},""pattern_geometry_features"":{""contraction_count"":5.0,""first_contraction_pct"":0.2080036380172806,""last_contraction_pct"":0.1443261109070878,""dry_up_ratio"":1.1106050316911003,""near_monotone"":0.0,""base_depth_pct"":0.4702137335152342},""_schema_version"":""1.0""}",,,,,,,,,,
20260429T042402Z-4f6251,2026-04-29T04:24:02.652419+00:00,AVAV,bull_flag,absent,40.07,5.0,25.5,59.6,67.5,32.9,31.0,78.7,84.0,96.1,0.7,7.66,5.36,6.75,4.6,2.79,2.36,5.04,4.81,False,,192.34,219.2,182.7471,252.2199,"{""trend"":{""T1_ema_stack"":{""value"":[false,false,false],""score"":0.0},""T2_ema50_slope"":{""value"":-0.6098382441277997,""score"":0},""T3_high_proximity"":{""value"":0.6266371277774158,""score"":0},""T4_rs_1m"":{""value"":-0.07949120283273281,""score"":0},""T5_rs_3m"":{""value"":-0.401979495399994,""score"":0},""T6_adr_healthy"":{""value"":5.630068144650515,""score"":100.0},""_score"":5.0},""geometry"":{""sub_pole_impulse"":44.9,""sub_flag_tightness"":0,""sub_flag_shallowness"":0,""sub_flag_drift"":80.5,""sub_flag_duration"":0.0,""_score"":25.54},""compression"":{""VC1_atr_ratio"":{""value"":0.37165679175011895,""score"":100},""VC2_range_contraction"":{""value"":1.1046421678004457,""score"":0},""VC3_range_pct_rank"":{""score"":78.33333333333333},""_score"":59.58},""sr_quality"":{""SR1_touches"":{""value"":4,""score"":75.0},""SR2_tightness"":{""value"":2.090554651282762,""score"":65.7281507678866},""SR3_recency"":{""value"":235,""score"":0.0},""SR4_price_location"":{""score"":80.44491031912419},""SR5_reaction"":{""value"":3.4910306169228282,""score"":100},""_score"":67.47,""_levels_found"":8,""_target_level"":196.5375},""volume"":{""V1_rvol_day"":{""value"":0.7997002856373342,""score"":19.980019042488948},""V2_rvol_sameslot"":{""value"":0.757112059231196,""score"":17.140803948746395,""status"":""ok""},""V3_breakout_bar"":{""value"":0.8964685056386508,""score"":26.431233709243386},""V4_base_dryup"":{""value"":0.5574535357141632,""score"":94.25464642858368},""V5_bo_expansion"":{""value"":0.7997002856373342,""score"":0},""_score"":32.88},""readiness"":{""_distance_atr"":2.202,""BR1_atr_distance"":{""score"":0},""BR2_compression"":{""score"":53.82499739184059},""BR3_retest"":{""score"":50.0},""BR4_bo_age"":{""score"":50.0},""_score"":30.96},""risk"":{""R1_stop_clarity"":{""score"":54.37725449464483},""R2_stop_distance_pct"":{""value"":4.987496100655091,""score"":100.0},""R3_stop_distance_atr"":{""value"":0.7863179656400529,""score"":64.31589828200264},""R4_rr_potential"":{""value"":6.2420736061378355,""score"":100.0},""_score"":78.68},""market"":{""M1_spy_regime"":{""score"":100.0},""M3_earnings_risk"":{""value"":null,""score"":80.0},""M4_vix"":{""value"":null,""score"":60.0},""_score"":84.0},""liquidity"":{""L1_price"":{""value"":192.34,""score"":100.0},""L2_dollar_vol"":{""value"":168203058.1874021,""score"":100.0},""L3_spread_proxy"":{""value"":0.038915462202349926,""score"":61.08453779765007},""L4_volume_zscore"":{""value"":-0.5219205895146236,""score"":100.0},""_score"":96.11},""pattern_structure"":{""pole_low"":186.1801,""pole_low_idx"":17,""peak_price"":219.2,""peak_idx"":30,""pole_gain"":0.17735461523546275,""flag_bars"":29,""flag_low"":185.53,""flag_high"":214.0,""structural_low"":185.53,""current_price"":191.59,""neckline_distance_pct"":0.14410981784017948,""base_bars"":29},""pattern_geometry_features"":{""pole_gain"":0.17735461523546275,""pullback_pct"":0.1536040145985401,""flag_range_pct"":0.12988138686131387,""flag_drift_per_bar"":-0.003901882277862962,""atr_pct"":0.06342848972801139,""pole_atr_multiple"":2.79613492290262},""_schema_version"":""1.0""}",,,,,,,,,,
20260429T042402Z-4f6251,2026-04-29T04:24:02.652419+00:00,ZS,bull_flag,absent,39.82,5.0,21.7,65.6,51.0,31.3,59.0,66.7,84.0,97.2,0.7,6.52,5.9,5.1,4.38,5.31,2.0,5.04,4.86,False,,136.07,141.51,128.3849,150.42,"{""trend"":{""T1_ema_stack"":{""value"":[false,false,false],""score"":0.0},""T2_ema50_slope"":{""value"":-0.7765227546991562,""score"":0},""T3_high_proximity"":{""value"":0.6359897172236504,""score"":0},""T4_rs_1m"":{""value"":-0.10052669433849615,""score"":0},""T5_rs_3m"":{""value"":-0.4038637864487712,""score"":0},""T6_adr_healthy"":{""value"":5.020844825157119,""score"":100.0},""_score"":5.0},""geometry"":{""sub_pole_impulse"":5.8,""sub_flag_tightness"":0,""sub_flag_shallowness"":0,""sub_flag_drift"":100,""sub_flag_duration"":50.0,""_score"":21.74},""compression"":{""VC1_atr_ratio"":{""value"":0.36428981746925415,""score"":100},""VC2_range_contraction"":{""value"":0.861464605739246,""score"":23.089232376792335},""VC3_range_pct_rank"":{""score"":70.0},""_score"":65.58},""sr_quality"":{""SR1_touches"":{""value"":3,""score"":50.0},""SR2_tightness"":{""value"":1.770672643846593,""score"":52.261439732064034},""SR3_recency"":{""value"":226,""score"":0.0},""SR4_price_location"":{""score"":52.63820389293829},""SR5_reaction"":{""value"":2.963202506574078,""score"":100},""_score"":51.0,""_levels_found"":7,""_target_level"":142.2784},""volume"":{""V1_rvol_day"":{""value"":0.7504122134453332,""score"":16.69414756302221},""V2_rvol_sameslot"":{""value"":0.8139274301415177,""score"":20.928495342767846,""status"":""ok""},""V3_breakout_bar"":{""value"":1.1366774384245313,""score"":42.44516256163542},""V4_base_dryup"":{""value"":0.8412345062068153,""score"":65.87654937931848},""V5_bo_expansion"":{""value"":0.7504122134453332,""score"":0},""_score"":31.31},""readiness"":{""_distance_atr"":0.733,""BR1_atr_distance"":{""score"":51.11127801063469},""BR2_compression"":{""score"":84.30913242238411},""BR3_retest"":{""score"":50.0},""BR4_bo_age"":{""score"":50.0},""_score"":59.02},""risk"":{""R1_stop_clarity"":{""score"":47.28915053598772},""R2_stop_distance_pct"":{""value"":5.647901815242159,""score"":100.0},""R3_stop_distance_atr"":{""value"":1.035978080957183,""score"":76.79890404785915},""R4_rr_potential"":{""value"":1.8672496128872733,""score"":43.362480644363664},""_score"":66.74},""market"":{""M1_spy_regime"":{""score"":100.0},""M3_earnings_risk"":{""value"":null,""score"":80.0},""M4_vix"":{""value"":null,""score"":60.0},""_score"":84.0},""liquidity"":{""L1_price"":{""value"":136.07,""score"":100.0},""L2_dollar_vol"":{""value"":295102703.27327436,""score"":100.0},""L3_spread_proxy"":{""value"":0.0283310060998015,""score"":71.6689939001985},""L4_volume_zscore"":{""value"":-0.5164080353620502,""score"":100.0},""_score"":97.17},""pattern_structure"":{""pole_low"":132.6,""pole_low_idx"":18,""peak_price"":141.51,""peak_idx"":35,""pole_gain"":0.06719457013574659,""flag_bars"":24,""flag_low"":130.34,""flag_high"":138.355,""structural_low"":130.34,""current_price"":136.48,""neckline_distance_pct"":0.036855216881594384,""base_bars"":24},""pattern_geometry_features"":{""pole_gain"":0.06719457013574659,""pullback_pct"":0.07893435092926286,""flag_range_pct"":0.05663910677690613,""flag_drift_per_bar"":0.0016679223584280356,""atr_pct"":0.05451758023706282,""pole_atr_multiple"":1.2325303112052934},""_schema_version"":""1.0""}",,,,,,,,,,
20260429T042402Z-4f6251,2026-04-29T04:24:02.652419+00:00,HNRG,bull_flag,absent,39.23,5.0,31.9,56.0,45.4,39.0,31.6,72.5,84.0,77.4,0.7,9.57,5.04,4.54,5.45,2.84,2.17,5.04,3.87,False,,15.46,16.8,15.1,18.71,"{""trend"":{""T1_ema_stack"":{""value"":[false,false,false],""score"":0.0},""T2_ema50_slope"":{""value"":-0.4618831316942547,""score"":0},""T3_high_proximity"":{""value"":0.741131351869607,""score"":0},""T4_rs_1m"":{""value"":-0.24247116808492997,""score"":0},""T5_rs_3m"":{""value"":-0.19522651345304298,""score"":0},""T6_adr_healthy"":{""value"":5.165812579864606,""score"":100.0},""_score"":5.0},""geometry"":{""sub_pole_impulse"":35.2,""sub_flag_tightness"":0,""sub_flag_shallowness"":0,""sub_flag_drift"":92.3,""sub_flag_duration"":75.0,""_score"":31.91},""compression"":{""VC1_atr_ratio"":{""value"":0.46215058888094585,""score"":100},""VC2_range_contraction"":{""value"":0.8714410908611216,""score"":21.42648485647973},""VC3_range_pct_rank"":{""score"":34.166666666666664},""_score"":56.04},""sr_quality"":{""SR1_touches"":{""value"":3,""score"":50.0},""SR2_tightness"":{""value"":0.036817870057290834,""score"":91.05718953820673},""SR3_recency"":{""value"":224,""score"":0.0},""SR4_price_location"":{""score"":6.826347305389281},""SR5_reaction"":{""value"":4.074533514924921,""score"":100},""_score"":45.37,""_levels_found"":9,""_target_level"":16.7567},""volume"":{""V1_rvol_day"":{""value"":1.091340877847246,""score"":39.4227251898164},""V2_rvol_sameslot"":{""value"":1.0579728582015526,""score"":37.19819054677018,""status"":""ok""},""V3_breakout_bar"":{""value"":1.2935964470052879,""score"":52.90642980035253},""V4_base_dryup"":{""value"":1.0258737252403405,""score"":47.41262747596595},""V5_bo_expansion"":{""value"":1.0913408778472462,""score"":6.089391856483081},""_score"":38.95},""readiness"":{""_distance_atr"":1.627,""BR1_atr_distance"":{""score"":0},""BR2_compression"":{""score"":56.454107905628405},""BR3_retest"":{""score"":50.0},""BR4_bo_age"":{""score"":50.0},""_score"":31.61},""risk"":{""R1_stop_clarity"":{""score"":44.14670749585766},""R2_stop_distance_pct"":{""value"":2.3282664941785334,""score"":100.0},""R3_stop_distance_atr"":{""value"":0.4371470458113951,""score"":46.85735229056975},""R4_rr_potential"":{""value"":9.029031809973574,""score"":100.0},""_score"":72.48},""market"":{""M1_spy_regime"":{""score"":100.0},""M3_earnings_risk"":{""value"":null,""score"":80.0},""M4_vix"":{""value"":null,""score"":60.0},""_score"":84.0},""liquidity"":{""L1_price"":{""value"":15.46,""score"":100.0},""L2_dollar_vol"":{""value"":15078105.763101742,""score"":58.91733926400655},""L3_spread_proxy"":{""value"":0.06209573091849929,""score"":37.90426908150071},""L4_volume_zscore"":{""value"":0.2925613578405662,""score"":100.0},""_score"":77.36},""pattern_structure"":{""pole_low"":14.89,""pole_low_idx"":21,""peak_price"":16.8,""peak_idx"":37,""pole_gain"":0.12827400940228342,""flag_bars"":22,""flag_low"":15.33,""flag_high"":16.8,""structural_low"":15.33,""current_price"":15.49,""neckline_distance_pct"":0.0845706907682376,""base_bars"":22},""pattern_geometry_features"":{""pole_gain"":0.12827400940228342,""pullback_pct"":0.08750000000000004,""flag_range_pct"":0.08750000000000004,""flag_drift_per_bar"":-0.00154851183565363,""atr_pct"":0.05326048789502864,""pole_atr_multiple"":2.408427231367075},""_schema_version"":""1.0""}",,,,,,,,,,
20260429T042402Z-4f6251,2026-04-29T04:24:02.652419+00:00,SRAD,vcp,absent,39.18,5.0,36.3,13.6,37.7,62.4,18.9,84.5,84.0,90.0,0.75,9.07,1.63,4.52,8.12,1.32,4.23,5.04,4.5,False,,12.35,18.62,11.5146,26.01,"{""trend"":{""T1_ema_stack"":{""value"":[false,false,false],""score"":0.0},""T2_ema50_slope"":{""value"":-0.6447840512690898,""score"":0},""T3_high_proximity"":{""value"":0.627221940071102,""score"":0},""T4_rs_1m"":{""value"":-0.4022634856949564,""score"":0},""T5_rs_3m"":{""value"":-0.35644627789652594,""score"":0},""T6_adr_healthy"":{""value"":7.930549776493893,""score"":100.0},""_score"":5.0},""geometry"":{""sub_contraction_count"":100.0,""sub_reduction_rate"":0,""sub_pivot_tightness"":0,""sub_volume_dryup"":0,""sub_base_depth"":12.7,""sub_base_duration"":100.0,""_score"":36.27},""compression"":{""VC1_atr_ratio"":{""value"":0.8659837707925142,""score"":33.50405730187145},""VC2_range_contraction"":{""value"":2.015601556732389,""score"":0},""VC3_range_pct_rank"":{""score"":0.8333333333333304},""_score"":13.61},""sr_quality"":{""SR1_touches"":{""value"":3,""score"":50.0},""SR2_tightness"":{""value"":0.39867140465411965,""score"":44.269598949998255},""SR3_recency"":{""value"":238,""score"":0.0},""SR4_price_location"":{""score"":18.676984523215125},""SR5_reaction"":{""value"":1.5190547512065236,""score"":75.95273756032618},""_score"":37.7,""_levels_found"":6,""_target_level"":16.2283},""volume"":{""V1_rvol_day"":{""value"":2.278600952820218,""score"":100},""V2_rvol_sameslot"":{""value"":2.056747142835469,""score"":100,""status"":""ok""},""V3_breakout_bar"":{""value"":1.078766259497197,""score"":38.584417299813126},""V4_base_dryup"":{""value"":1.5131243315978282,""score"":0},""V5_bo_expansion"":{""value"":2.278600952820218,""score"":85.24006352134785},""_score"":62.43},""readiness"":{""_distance_atr"":4.382,""BR1_atr_distance"":{""score"":0},""BR2_compression"":{""score"":5.620873653501909},""BR3_retest"":{""score"":50.0},""BR4_bo_age"":{""score"":50.0},""_score"":18.91},""risk"":{""R1_stop_clarity"":{""score"":75.4877683474788},""R2_stop_distance_pct"":{""value"":6.763967611336033,""score"":100.0},""R3_stop_distance_atr"":{""value"":0.5838691962056914,""score"":54.19345981028457},""R4_rr_potential"":{""value"":16.352427126354222,""score"":100.0},""_score"":84.55},""market"":{""M1_spy_regime"":{""score"":100.0},""M3_earnings_risk"":{""value"":null,""score"":80.0},""M4_vix"":{""value"":null,""score"":60.0},""_score"":84.0},""liquidity"":{""L1_price"":{""value"":12.35,""score"":100.0},""L2_dollar_vol"":{""value"":138743305.9719694,""score"":100.0},""L3_spread_proxy"":{""value"":0.15870445344129547,""score"":0},""L4_volume_zscore"":{""value"":1.021850330205944,""score"":100.0},""_score"":90.0},""pattern_structure"":{""n_contractions"":5,""contractions_pct"":[17.58,15.1,20.14,15.61,37.22],""descending_strict"":false,""final_low"":11.69,""final_pivot"":18.62,""structural_low"":11.69,""dry_up_ratio"":3.499723936358203,""current_price"":12.35,""neckline_distance_pct"":0.5076923076923078,""base_bars"":58},""pattern_geometry_features"":{""contraction_count"":5.0,""first_contraction_pct"":0.17583857442348003,""last_contraction_pct"":0.3721804511278196,""dry_up_ratio"":3.499723936358203,""near_monotone"":0.0,""base_depth_pct"":0.3873165618448637},""_schema_version"":""1.0""}",,,,,,,,,,
20260429T042402Z-4f6251,2026-04-29T04:24:02.652419+00:00,STEP,bull_flag,absent,38.64,35.8,20.9,48.1,45.9,29.5,27.1,78.2,84.0,89.8,5.01,6.27,4.33,4.59,4.14,2.44,2.35,5.04,4.49,False,,51.73,57.69,48.7329,61.76,"{""trend"":{""T1_ema_stack"":{""value"":[true,false,false],""score"":33.33333333333333},""T2_ema50_slope"":{""value"":-0.01576600547165005,""score"":47.37233242139166},""T3_high_proximity"":{""value"":0.7067905451564421,""score"":0},""T4_rs_1m"":{""value"":0.014792901285298088,""score"":64.79290128529809},""T5_rs_3m"":{""value"":-0.31717772404913847,""score"":0},""T6_adr_healthy"":{""value"":4.96358484286412,""score"":100.0},""_score"":35.77},""geometry"":{""sub_pole_impulse"":10.2,""sub_flag_tightness"":0,""sub_flag_shallowness"":0,""sub_flag_drift"":77.2,""sub_flag_duration"":62.5,""_score"":20.89},""compression"":{""VC1_atr_ratio"":{""value"":0.4266561279728566,""score"":100},""VC2_range_contraction"":{""value"":1.0597177333153491,""score"":0},""VC3_range_pct_rank"":{""score"":32.49999999999999},""_score"":48.12},""sr_quality"":{""SR1_touches"":{""value"":3,""score"":50.0},""SR2_tightness"":{""value"":0.8365404951345744,""score"":39.95592435825753},""SR3_recency"":{""value"":226,""score"":0.0},""SR4_price_location"":{""score"":39.64686998394859},""SR5_reaction"":{""value"":3.1922665784839226,""score"":100},""_score"":45.91,""_levels_found"":6,""_target_level"":56.9},""volume"":{""V1_rvol_day"":{""value"":1.0187653385241695,""score"":34.5843559016113},""V2_rvol_sameslot"":{""value"":0.7825223391223869,""score"":18.834822608159126,""status"":""ok""},""V3_breakout_bar"":{""value"":0.5806076536297256,""score"":5.373843575315037},""V4_base_dryup"":{""value"":0.6338414073528573,""score"":86.61585926471426},""V5_bo_expansion"":{""value"":1.0187653385241695,""score"":1.2510225682779672},""_score"":29.54},""readiness"":{""_distance_atr"":2.139,""BR1_atr_distance"":{""score"":0},""BR2_compression"":{""score"":38.23399017691846},""BR3_retest"":{""score"":50.0},""BR4_bo_age"":{""score"":50.0},""_score"":27.06},""risk"":{""R1_stop_clarity"":{""score"":46.732752455145864},""R2_stop_distance_pct"":{""value"":5.793785037695722,""score"":100.0},""R3_stop_distance_atr"":{""value"":1.0756179841527402,""score"":78.780899207637},""R4_rr_potential"":{""value"":3.346540434583146,""score"":100.0},""_score"":78.17},""market"":{""M1_spy_regime"":{""score"":100.0},""M3_earnings_risk"":{""value"":null,""score"":80.0},""M4_vix"":{""value"":null,""score"":60.0},""_score"":84.0},""liquidity"":{""L1_price"":{""value"":51.73,""score"":100.0},""L2_dollar_vol"":{""value"":52854167.189659916,""score"":86.15396170717489},""L3_spread_proxy"":{""value"":0.04620143050454283,""score"":53.798569495457166},""L4_volume_zscore"":{""value"":0.05481363805155067,""score"":100.0},""_score"":89.84},""pattern_structure"":{""pole_low"":53.62,""pole_low_idx"":11,""peak_price"":57.69,""peak_idx"":36,""pole_gain"":0.07590451324132787,""flag_bars"":23,""flag_low"":49.475,""flag_high"":55.35,""structural_low"":49.475,""current_price"":51.31,""neckline_distance_pct"":0.12434223348275181,""base_bars"":23},""pattern_geometry_features"":{""pole_gain"":0.07590451324132787,""pullback_pct"":0.14239902929450504,""flag_range_pct"":0.10183740682960653,""flag_drift_per_bar"":-0.004551934956318379,""atr_pct"":0.05386470961862415,""pole_atr_multiple"":1.4091696359035655},""_schema_version"":""1.0""}",,,,,,,,,,
20260429T042402Z-4f6251,2026-04-29T04:24:02.652419+00:00,LBRDA,bull_flag,absent,36.83,20.1,8.7,6.0,54.2,73.6,42.5,77.8,84.0,78.5,2.81,2.62,0.54,5.42,10.3,3.82,2.34,5.04,3.92,False,,40.18,59.25,39.1931,64.86,"{""trend"":{""T1_ema_stack"":{""value"":[false,false,false],""score"":0.0},""T2_ema50_slope"":{""value"":0.09783894221560362,""score"":66.30649036926727},""T3_high_proximity"":{""value"":0.6990257480862909,""score"":0},""T4_rs_1m"":{""value"":-0.3339185653092197,""score"":0},""T5_rs_3m"":{""value"":-0.07565142073038222,""score"":12.174289634808886},""T6_adr_healthy"":{""value"":5.396031747406582,""score"":100.0},""_score"":20.09},""geometry"":{""sub_pole_impulse"":8.3,""sub_flag_tightness"":0,""sub_flag_shallowness"":0,""sub_flag_drift"":0,""sub_flag_duration"":62.5,""_score"":8.74},""compression"":{""VC1_atr_ratio"":{""value"":1.178012673920483,""score"":0},""VC2_range_contraction"":{""value"":1.8972592112653914,""score"":0},""VC3_range_pct_rank"":{""score"":24.16666666666667},""_score"":6.04},""sr_quality"":{""SR1_touches"":{""value"":2,""score"":25.0},""SR2_tightness"":{""value"":0.3200000000000003,""score"":79.6848429883233},""SR3_recency"":{""value"":282,""score"":0.0},""SR4_price_location"":{""score"":79.14522163020067},""SR5_reaction"":{""value"":2.084684276159167,""score"":100},""_score"":54.24,""_levels_found"":7,""_target_level"":42.37},""volume"":{""V1_rvol_day"":{""value"":1.7775175117711295,""score"":85.1678341180753},""V2_rvol_sameslot"":{""value"":2.4971758800255115,""score"":100,""status"":""ok""},""V3_breakout_bar"":{""value"":1.6462667004042786,""score"":76.4177800269519},""V4_base_dryup"":{""value"":1.0168614827100437,""score"":48.31385172899563},""V5_bo_expansion"":{""value"":1.7775175117711295,""score"":51.83450078474196},""_score"":73.58},""readiness"":{""_distance_atr"":6.053,""BR1_atr_distance"":{""score"":0},""BR2_compression"":{""score"":100},""BR3_retest"":{""score"":50.0},""BR4_bo_age"":{""score"":50.0},""_score"":42.5},""risk"":{""R1_stop_clarity"":{""score"":62.109057929939695},""R2_stop_distance_pct"":{""value"":2.4560726729716373,""score"":100.0},""R3_stop_distance_atr"":{""value"":0.3132501983902065,""score"":40.66250991951033},""R4_rr_potential"":{""value"":25.0088665957338,""score"":100.0},""_score"":77.84},""market"":{""M1_spy_regime"":{""score"":100.0},""M3_earnings_risk"":{""value"":null,""score"":80.0},""M4_vix"":{""value"":null,""score"":60.0},""_score"":84.0},""liquidity"":{""L1_price"":{""value"":40.18,""score"":100.0},""L2_dollar_vol"":{""value"":13410134.25573626,""score"":56.37165629091534},""L3_spread_proxy"":{""value"":0.04094076655052273,""score"":59.05923344947727},""L4_volume_zscore"":{""value"":1.0419399160418834,""score"":100.0},""_score"":78.45},""pattern_structure"":{""pole_low"":53.64,""pole_low_idx"":11,""peak_price"":59.25,""peak_idx"":36,""pole_gain"":0.10458612975391497,""flag_bars"":23,""flag_low"":39.79,""flag_high"":57.53,""structural_low"":39.79,""current_price"":40.25,""neckline_distance_pct"":0.4720496894409938,""base_bars"":23},""pattern_geometry_features"":{""pole_gain"":0.10458612975391497,""pullback_pct"":0.32843881856540086,""flag_range_pct"":0.299409282700422,""flag_drift_per_bar"":-0.020046166498907537,""atr_pct"":0.07840610111640474,""pole_atr_multiple"":1.3339029522542174},""_schema_version"":""1.0""}",,,,,,,,,,
20260429T042402Z-4f6251,2026-04-29T04:24:02.652419+00:00,AGYS,bull_flag,absent,36.77,5.0,18.4,58.7,56.0,27.5,57.8,58.5,84.0,76.8,0.7,5.51,5.28,5.61,3.85,5.2,1.76,5.04,3.84,False,,66.49,69.185,60.9961,73.36,"{""trend"":{""T1_ema_stack"":{""value"":[false,false,false],""score"":0.0},""T2_ema50_slope"":{""value"":-0.6416529193152151,""score"":0},""T3_high_proximity"":{""value"":0.744985994397759,""score"":0},""T4_rs_1m"":{""value"":-0.17751723607145464,""score"":0},""T5_rs_3m"":{""value"":-0.2915077661757908,""score"":0},""T6_adr_healthy"":{""value"":4.724871785558253,""score"":100.0},""_score"":5.0},""geometry"":{""sub_pole_impulse"":11.2,""sub_flag_tightness"":0,""sub_flag_shallowness"":0,""sub_flag_drift"":100,""sub_flag_duration"":0.0,""_score"":18.36},""compression"":{""VC1_atr_ratio"":{""value"":0.39396843369905193,""score"":100},""VC2_range_contraction"":{""value"":0.9371252418353023,""score"":10.479126360782946},""VC3_range_pct_rank"":{""score"":60.0},""_score"":58.67},""sr_quality"":{""SR1_touches"":{""value"":3,""score"":50.0},""SR2_tightness"":{""value"":0.7442221890448231,""score"":49.57563624268906},""SR3_recency"":{""value"":242,""score"":0.0},""SR4_price_location"":{""score"":74.44487728866362},""SR5_reaction"":{""value"":2.8682716404884445,""score"":100},""_score"":56.05,""_levels_found"":7,""_target_level"":68.13},""volume"":{""V1_rvol_day"":{""value"":0.5687388135620328,""score"":4.582587570802188},""V2_rvol_sameslot"":{""value"":0.4289837795975736,""score"":0,""status"":""ok""},""V3_breakout_bar"":{""value"":1.2030181824013888,""score"":46.86787882675925},""V4_base_dryup"":{""value"":0.7581440443500428,""score"":74.18559556499572},""V5_bo_expansion"":{""value"":0.5687388135620328,""score"":0},""_score"":27.47},""readiness"":{""_distance_atr"":0.913,""BR1_atr_distance"":{""score"":39.13392069987102},""BR2_compression"":{""score"":98.55679980591907},""BR3_retest"":{""score"":50.0},""BR4_bo_age"":{""score"":50.0},""_score"":57.79},""risk"":{""R1_stop_clarity"":{""score"":37.06458692774728},""R2_stop_distance_pct"":{""value"":8.262708677996686,""score"":93.43228305008284},""R3_stop_distance_atr"":{""value"":1.8611723455380051,""score"":100.0},""R4_rr_potential"":{""value"":1.2504834929808213,""score"":12.524174649041065},""_score"":58.51},""market"":{""M1_spy_regime"":{""score"":100.0},""M3_earnings_risk"":{""value"":null,""score"":80.0},""M4_vix"":{""value"":null,""score"":60.0},""_score"":84.0},""liquidity"":{""L1_price"":{""value"":66.49,""score"":100.0},""L2_dollar_vol"":{""value"":10275756.061803209,""score"":50.59068929572233},""L3_spread_proxy"":{""value"":0.034591667919987926,""score"":65.40833208001207},""L4_volume_zscore"":{""value"":-1.1123832284414827,""score"":100.0},""_score"":76.78},""pattern_structure"":{""pole_low"":65.01,""pole_low_idx"":21,""peak_price"":69.185,""peak_idx"":30,""pole_gain"":0.06422088909398549,""flag_bars"":29,""flag_low"":61.925,""flag_high"":68.935,""structural_low"":61.925,""current_price"":66.42,""neckline_distance_pct"":0.04162902740138513,""base_bars"":29},""pattern_geometry_features"":{""pole_gain"":0.06422088909398549,""pullback_pct"":0.10493604104936048,""flag_range_pct"":0.10132254101322548,""flag_drift_per_bar"":0.00044530477050799914,""atr_pct"":0.04439518294910083,""pole_atr_multiple"":1.4465733628717077},""_schema_version"":""1.0""}",,,,,,,,,,
20260429T042402Z-4f6251,2026-04-29T04:24:02.652419+00:00,VNET,bull_flag,absent,36.64,13.3,24.8,60.4,42.9,22.1,30.8,77.5,84.0,87.8,1.87,7.43,5.44,4.29,3.09,2.77,2.32,5.04,4.39,False,,8.5,9.37,8.0474,10.145,"{""trend"":{""T1_ema_stack"":{""value"":[false,false,true],""score"":33.33333333333333},""T2_ema50_slope"":{""value"":-0.41145257177384903,""score"":0},""T3_high_proximity"":{""value"":0.6058446186742694,""score"":0},""T4_rs_1m"":{""value"":-0.1164629440074445,""score"":0},""T5_rs_3m"":{""value"":-0.2737338472719283,""score"":0},""T6_adr_healthy"":{""value"":4.703675335598003,""score"":100.0},""_score"":13.33},""geometry"":{""sub_pole_impulse"":16.7,""sub_flag_tightness"":0,""sub_flag_shallowness"":0,""sub_flag_drift"":65.0,""sub_flag_duration"":100.0,""_score"":24.76},""compression"":{""VC1_atr_ratio"":{""value"":0.3976097394421084,""score"":100},""VC2_range_contraction"":{""value"":0.8603637224082886,""score"":23.272712931951897},""VC3_range_pct_rank"":{""score"":49.16666666666667},""_score"":60.44},""sr_quality"":{""SR1_touches"":{""value"":3,""score"":50.0},""SR2_tightness"":{""value"":0.053124591501697745,""score"":76.8559916284555},""SR3_recency"":{""value"":235,""score"":0.0},""SR4_price_location"":{""score"":15.181753385602558},""SR5_reaction"":{""value"":1.6736423373942646,""score"":83.68211686971323},""_score"":42.88,""_levels_found"":6,""_target_level"":8.8967},""volume"":{""V1_rvol_day"":{""value"":1.0937960680915015,""score"":39.58640453943343},""V2_rvol_sameslot"":{""value"":0.5072399905339541,""score"":0.4826660355969385,""status"":""ok""},""V3_breakout_bar"":{""value"":0.4168175333231919,""score"":0},""V4_base_dryup"":{""value"":0.8449305505577009,""score"":65.5069449442299},""V5_bo_expansion"":{""value"":1.0937960680915013,""score"":6.2530712061000875},""_score"":22.05},""readiness"":{""_distance_atr"":1.895,""BR1_atr_distance"":{""score"":0},""BR2_compression"":{""score"":53.26058802482844},""BR3_retest"":{""score"":50.0},""BR4_bo_age"":{""score"":50.0},""_score"":30.82},""risk"":{""R1_stop_clarity"":{""score"":46.61044639106269},""R2_stop_distance_pct"":{""value"":5.324117647058829,""score"":100.0},""R3_stop_distance_atr"":{""value"":0.9857789671858234,""score"":74.28894835929117},""R4_rr_potential"":{""value"":3.6349574632637194,""score"":100.0},""_score"":77.46},""market"":{""M1_spy_regime"":{""score"":100.0},""M3_earnings_risk"":{""value"":null,""score"":80.0},""M4_vix"":{""value"":null,""score"":60.0},""_score"":84.0},""liquidity"":{""L1_price"":{""value"":8.5,""score"":99.25},""L2_dollar_vol"":{""value"":46778788.4517545,""score"":83.50244847997214},""L3_spread_proxy"":{""value"":0.05411764705882363,""score"":45.88235294117637},""L4_volume_zscore"":{""value"":0.22105543697078348,""score"":100.0},""_score"":87.8},""pattern_structure"":{""pole_low"":8.595,""pole_low_idx"":35,""peak_price"":9.37,""peak_idx"":42,""pole_gain"":0.0901687027341476,""flag_bars"":17,""flag_low"":8.17,""flag_high"":9.3,""structural_low"":8.17,""current_price"":8.51,""neckline_distance_pct"":0.10105757931844882,""base_bars"":17},""pattern_geometry_features"":{""pole_gain"":0.0901687027341476,""pullback_pct"":0.12806830309498393,""flag_range_pct"":0.12059765208111002,""flag_drift_per_bar"":-0.007000126725190597,""atr_pct"":0.054009243697479004,""pole_atr_multiple"":1.6695050062024182},""_schema_version"":""1.0""}",,,,,,,,,,
20260429T042402Z-4f6251,2026-04-29T04:24:02.652419+00:00,INOD,bull_flag,absent,36.62,16.7,17.2,63.7,47.3,29.9,31.1,81.0,84.0,84.1,2.34,5.16,5.73,4.73,4.19,2.8,2.43,5.04,4.2,False,,41.88,48.18,39.4886,53.86,"{""trend"":{""T1_ema_stack"":{""value"":[false,false,false],""score"":0.0},""T2_ema50_slope"":{""value"":-0.2833013121595335,""score"":2.7831146400777413},""T3_high_proximity"":{""value"":0.6558095834638271,""score"":0},""T4_rs_1m"":{""value"":0.005852654849931582,""score"":55.85265484993158},""T5_rs_3m"":{""value"":-0.30922643400066163,""score"":0},""T6_adr_healthy"":{""value"":6.638269007609053,""score"":100.0},""_score"":16.73},""geometry"":{""sub_pole_impulse"":20.0,""sub_flag_tightness"":0,""sub_flag_shallowness"":0,""sub_flag_drift"":74.7,""sub_flag_duration"":0.0,""_score"":17.2},""compression"":{""VC1_atr_ratio"":{""value"":0.4426772520023947,""score"":100},""VC2_range_contraction"":{""value"":0.876405920035155,""score"":20.599013327474157},""VC3_range_pct_rank"":{""score"":65.83333333333333},""_score"":63.67},""sr_quality"":{""SR1_touches"":{""value"":4,""score"":75.0},""SR2_tightness"":{""value"":0.6918997305188089,""score"":55.50759954130853},""SR3_recency"":{""value"":244,""score"":0.0},""SR4_price_location"":{""score"":5.82913150104311},""SR5_reaction"":{""value"":2.1864695574688753,""score"":100},""_score"":47.28,""_levels_found"":6,""_target_level"":46.5542},""volume"":{""V1_rvol_day"":{""value"":0.7215078938669837,""score"":14.767192924465578},""V2_rvol_sameslot"":{""value"":0.8151756356312555,""score"":21.0117090420837,""status"":""ok""},""V3_breakout_bar"":{""value"":1.0284502999871064,""score"":35.230019999140424},""V4_base_dryup"":{""value"":0.8012691785834933,""score"":69.87308214165067},""V5_bo_expansion"":{""value"":0.7215078938669837,""score"":0},""_score"":29.94},""readiness"":{""_distance_atr"":2.026,""BR1_atr_distance"":{""score"":0},""BR2_compression"":{""score"":54.27470572823205},""BR3_retest"":{""score"":50.0},""BR4_bo_age"":{""score"":50.0},""_score"":31.07},""risk"":{""R1_stop_clarity"":{""score"":61.33037225528021},""R2_stop_distance_pct"":{""value"":5.710004775549194,""score"":100.0},""R3_stop_distance_atr"":{""value"":0.7688751501399785,""score"":63.443757506998935},""R4_rr_potential"":{""value"":5.009722541660561,""score"":100.0},""_score"":80.98},""market"":{""M1_spy_regime"":{""score"":100.0},""M3_earnings_risk"":{""value"":null,""score"":80.0},""M4_vix"":{""value"":null,""score"":60.0},""_score"":84.0},""liquidity"":{""L1_price"":{""value"":41.88,""score"":100.0},""L2_dollar_vol"":{""value"":28667428.508100964,""score"":72.86943690608116},""L3_spread_proxy"":{""value"":0.0506208213944603,""score"":49.3791786055397},""L4_volume_zscore"":{""value"":-0.8431929104387947,""score"":100.0},""_score"":84.09},""pattern_structure"":{""pole_low"":42.5,""pole_low_idx"":11,""peak_price"":48.18,""peak_idx"":30,""pole_gain"":0.1336470588235294,""flag_bars"":29,""flag_low"":40.09,""flag_high"":47.21,""structural_low"":40.09,""current_price"":42.02,""neckline_distance_pct"":0.14659685863874336,""base_bars"":29},""pattern_geometry_features"":{""pole_gain"":0.1336470588235294,""pullback_pct"":0.16791199667911988,""flag_range_pct"":0.14777916147779158,""flag_drift_per_bar"":-0.005067347709160316,""atr_pct"":0.07426439486969572,""pole_atr_multiple"":1.7996114969768013},""_schema_version"":""1.0""}",,,,,,,,,,
20260429T042402Z-4f6251,2026-04-29T04:24:02.652419+00:00,TMC,bull_flag,absent,36.38,25.0,24.2,59.3,49.5,6.7,35.5,79.1,84.0,75.6,3.5,7.27,5.34,4.95,0.93,3.2,2.37,5.04,3.78,False,,5.06,5.8299,4.856,6.5148,"{""trend"":{""T1_ema_stack"":{""value"":[false,false,false],""score"":0.0},""T2_ema50_slope"":{""value"":-0.5108089675917644,""score"":0},""T3_high_proximity"":{""value"":0.6016646848989298,""score"":0},""T4_rs_1m"":{""value"":0.06263160583111538,""score"":100},""T5_rs_3m"":{""value"":-0.3947215015929161,""score"":0},""T6_adr_healthy"":{""value"":7.190506965017105,""score"":100.0},""_score"":25.0},""geometry"":{""sub_pole_impulse"":19.7,""sub_flag_tightness"":0,""sub_flag_shallowness"":0,""sub_flag_drift"":88.8,""sub_flag_duration"":50.0,""_score"":24.23},""compression"":{""VC1_atr_ratio"":{""value"":0.6003312015912179,""score"":99.91719960219552},""VC2_range_contraction"":{""value"":0.9366898417316782,""score"":10.551693044720293},""VC3_range_pct_rank"":{""score"":62.5},""_score"":59.28},""sr_quality"":{""SR1_touches"":{""value"":3,""score"":50.0},""SR2_tightness"":{""value"":0.03681787005729081,""score"":80.46242089255867},""SR3_recency"":{""value"":257,""score"":0.0},""SR4_price_location"":{""score"":29.596412556053785},""SR5_reaction"":{""value"":2.5515651157648684,""score"":100},""_score"":49.47,""_levels_found"":7,""_target_level"":5.5833},""volume"":{""V1_rvol_day"":{""value"":0.5518903170802767,""score"":3.4593544720184464},""V2_rvol_sameslot"":{""value"":0.3593209539636344,""score"":0,""status"":""ok""},""V3_breakout_bar"":{""value"":0.5307213888331067,""score"":2.0480925888737804},""V4_base_dryup"":{""value"":1.2267290185097461,""score"":27.32709814902539},""V5_bo_expansion"":{""value"":0.5518903170802766,""score"":0},""_score"":6.67},""readiness"":{""_distance_atr"":2.043,""BR1_atr_distance"":{""score"":0},""BR2_compression"":{""score"":72.14197710451779},""BR3_retest"":{""score"":50.0},""BR4_bo_age"":{""score"":50.0},""_score"":35.54},""risk"":{""R1_stop_clarity"":{""score"":60.75807827158158},""R2_stop_distance_pct"":{""value"":4.030632411067192,""score"":100.0},""R3_stop_distance_atr"":{""value"":0.5411352222116927,""score"":52.05676111058464},""R4_rr_potential"":{""value"":7.133120862956619,""score"":100.0},""_score"":79.07},""market"":{""M1_spy_regime"":{""score"":100.0},""M3_earnings_risk"":{""value"":null,""score"":80.0},""M4_vix"":{""value"":null,""score"":60.0},""_score"":84.0},""liquidity"":{""L1_price"":{""value"":5.06,""score"":97.53},""L2_dollar_vol"":{""value"":13598379.984271718,""score"":56.67435863248676},""L3_spread_proxy"":{""value"":0.06422924901185775,""score"":35.770750988142254},""L4_volume_zscore"":{""value"":-1.5654922234347424,""score"":100.0},""_score"":75.63},""pattern_structure"":{""pole_low"":5.145,""pole_low_idx"":10,""peak_price"":5.8299,""peak_idx"":35,""pole_gain"":0.13311953352769695,""flag_bars"":24,""flag_low"":4.93,""flag_high"":5.73,""structural_low"":4.93,""current_price"":5.075,""neckline_distance_pct"":0.1487487684729064,""base_bars"":24},""pattern_geometry_features"":{""pole_gain"":0.13311953352769695,""pullback_pct"":0.15435942297466518,""flag_range_pct"":0.1372236230467076,""flag_drift_per_bar"":-0.002242792889269673,""atr_pct"":0.07448475437605877,""pole_atr_multiple"":1.7872051085192924},""_schema_version"":""1.0""}",,,,,,,,,,
20260429T042402Z-4f6251,2026-04-29T04:24:02.652419+00:00,IE,bull_flag,absent,36.33,43.5,11.3,45.1,48.4,27.1,32.2,76.1,84.0,78.8,6.09,3.39,4.06,4.84,3.8,2.9,2.28,5.04,3.94,False,,13.14,15.26,12.7951,16.165,"{""trend"":{""T1_ema_stack"":{""value"":[false,false,true],""score"":33.33333333333333},""T2_ema50_slope"":{""value"":0.00486749656481837,""score"":50.811249427469726},""T3_high_proximity"":{""value"":0.6596385542168675,""score"":0},""T4_rs_1m"":{""value"":0.08645154296337254,""score"":100},""T5_rs_3m"":{""value"":-0.34316870656186005,""score"":0},""T6_adr_healthy"":{""value"":5.709744865275503,""score"":100.0},""_score"":43.5},""geometry"":{""sub_pole_impulse"":0.0,""sub_flag_tightness"":0,""sub_flag_shallowness"":0,""sub_flag_drift"":75.3,""sub_flag_duration"":0.0,""_score"":11.29},""compression"":{""VC1_atr_ratio"":{""value"":0.617882256952664,""score"":95.52943576183401},""VC2_range_contraction"":{""value"":1.0199890917281245,""score"":0},""VC3_range_pct_rank"":{""score"":27.500000000000004},""_score"":45.09},""sr_quality"":{""SR1_touches"":{""value"":2,""score"":25.0},""SR2_tightness"":{""value"":0.12004999999999999,""score"":72.44211976126451},""SR3_recency"":{""value"":310,""score"":0.0},""SR4_price_location"":{""score"":60.27031428106186},""SR5_reaction"":{""value"":2.800493539712731,""score"":100},""_score"":48.43,""_levels_found"":7,""_target_level"":13.7499},""volume"":{""V1_rvol_day"":{""value"":0.824297351750845,""score"":21.61982345005633},""V2_rvol_sameslot"":{""value"":0.7708982543291456,""score"":18.05988362194304,""status"":""ok""},""V3_breakout_bar"":{""value"":1.4242742290063894,""score"":61.6182819337593},""V4_base_dryup"":{""value"":1.3103833321189646,""score"":18.961666788103543},""V5_bo_expansion"":{""value"":0.8242973517508447,""score"":0},""_score"":27.13},""readiness"":{""_distance_atr"":2.433,""BR1_atr_distance"":{""score"":0},""BR2_compression"":{""score"":58.7847030458026},""BR3_retest"":{""score"":50.0},""BR4_bo_age"":{""score"":50.0},""_score"":32.2},""risk"":{""R1_stop_clarity"":{""score"":55.27152882534254},""R2_stop_distance_pct"":{""value"":2.6244292237442997,""score"":100.0},""R3_stop_distance_atr"":{""value"":0.39580737194202253,""score"":44.79036859710113},""R4_rr_potential"":{""value"":8.771929824561374,""score"":100.0},""_score"":76.06},""market"":{""M1_spy_regime"":{""score"":100.0},""M3_earnings_risk"":{""value"":null,""score"":80.0},""M4_vix"":{""value"":null,""score"":60.0},""_score"":84.0},""liquidity"":{""L1_price"":{""value"":13.14,""score"":100.0},""L2_dollar_vol"":{""value"":21033534.4142877,""score"":66.14561282035542},""L3_spread_proxy"":{""value"":0.07686453576864534,""score"":23.13546423135466},""L4_volume_zscore"":{""value"":-0.5741199176752972,""score"":100.0},""_score"":78.77},""pattern_structure"":{""pole_low"":14.355,""pole_low_idx"":7,""peak_price"":15.26,""peak_idx"":30,""pole_gain"":0.06304423545802852,""flag_bars"":29,""flag_low"":12.99,""flag_high"":15.14,""structural_low"":12.99,""current_price"":13.11,""neckline_distance_pct"":0.1639969488939741,""base_bars"":29},""pattern_geometry_features"":{""pole_gain"":0.06304423545802852,""pullback_pct"":0.14875491480996064,""flag_range_pct"":0.14089121887287026,""flag_drift_per_bar"":-0.0049434493279676035,""atr_pct"":0.06630571863448576,""pole_atr_multiple"":0.9508114346149182},""_schema_version"":""1.0""}",,,,,,,,,,
20260429T042402Z-4f6251,2026-04-29T04:24:02.652419+00:00,CLBT,bull_flag,absent,36.3,5.0,18.4,70.5,57.7,19.2,42.9,74.8,84.0,82.7,0.7,5.52,6.34,5.77,2.69,3.86,2.24,5.04,4.14,False,,12.68,13.64,12.2534,14.77,"{""trend"":{""T1_ema_stack"":{""value"":[false,false,false],""score"":0.0},""T2_ema50_slope"":{""value"":-0.443674710046099,""score"":0},""T3_high_proximity"":{""value"":0.7920049968769518,""score"":0},""T4_rs_1m"":{""value"":-0.1432295246201789,""score"":0},""T5_rs_3m"":{""value"":-0.2589770772408967,""score"":0},""T6_adr_healthy"":{""value"":5.049308849454485,""score"":100.0},""_score"":5.0},""geometry"":{""sub_pole_impulse"":15.5,""sub_flag_tightness"":0,""sub_flag_shallowness"":0,""sub_flag_drift"":91.7,""sub_flag_duration"":0.0,""_score"":18.41},""compression"":{""VC1_atr_ratio"":{""value"":0.27581641659311606,""score"":100},""VC2_range_contraction"":{""value"":0.7273108650532669,""score"":45.448189157788846},""VC3_range_pct_rank"":{""score"":58.33333333333333},""_score"":70.49},""sr_quality"":{""SR1_touches"":{""value"":2,""score"":25.0},""SR2_tightness"":{""value"":0.04499999999999993,""score"":87.2598584428716},""SR3_recency"":{""value"":242,""score"":0.0},""SR4_price_location"":{""score"":88.3215369059656},""SR5_reaction"":{""value"":2.6435793731041466,""score"":100},""_score"":57.67,""_levels_found"":8,""_target_level"":12.955},""volume"":{""V1_rvol_day"":{""value"":0.9558790896276526,""score"":30.391939308510167},""V2_rvol_sameslot"":{""value"":0.4909444850295299,""score"":0,""status"":""ok""},""V3_breakout_bar"":{""value"":0.6306998377319496,""score"":8.713322515463307},""V4_base_dryup"":{""value"":0.9533089376096192,""score"":54.66910623903808},""V5_bo_expansion"":{""value"":0.9558790896276526,""score"":0},""_score"":19.19},""readiness"":{""_distance_atr"":1.359,""BR1_atr_distance"":{""score"":9.403437815975607},""BR2_compression"":{""score"":86.70887151733028},""BR3_retest"":{""score"":50.0},""BR4_bo_age"":{""score"":50.0},""_score"":42.94},""risk"":{""R1_stop_clarity"":{""score"":47.170879676440734},""R2_stop_distance_pct"":{""value"":3.364353312302843,""score"":100.0},""R3_stop_distance_atr"":{""value"":0.6038827098078878,""score"":55.194135490394395},""R4_rr_potential"":{""value"":4.8992030004688205,""score"":100.0},""_score"":74.79},""market"":{""M1_spy_regime"":{""score"":100.0},""M3_earnings_risk"":{""value"":null,""score"":80.0},""M4_vix"":{""value"":null,""score"":60.0},""_score"":84.0},""liquidity"":{""L1_price"":{""value"":12.68,""score"":100.0},""L2_dollar_vol"":{""value"":20372814.0702874,""score"":65.45255108375305},""L3_spread_proxy"":{""value"":0.034700315457413214,""score"":65.29968454258679},""L4_volume_zscore"":{""value"":-0.07727674081583721,""score"":100.0},""_score"":82.71},""pattern_structure"":{""pole_low"":12.51,""pole_low_idx"":5,""peak_price"":13.64,""peak_idx"":30,""pole_gain"":0.09032773780975226,""flag_bars"":29,""flag_low"":12.44,""flag_high"":13.51,""structural_low"":12.44,""current_price"":12.625,""neckline_distance_pct"":0.08039603960396044,""base_bars"":29},""pattern_geometry_features"":{""pole_gain"":0.09032773780975226,""pullback_pct"":0.08797653958944289,""flag_range_pct"":0.07844574780058652,""flag_drift_per_bar"":-0.0016532214797834437,""atr_pct"":0.05571203244704819,""pole_atr_multiple"":1.6213326608682739},""_schema_version"":""1.0""}",,,,,,,,,,
20260429T042402Z-4f6251,2026-04-29T04:24:02.652419+00:00,SNOW,bull_flag,absent,36.06,5.0,16.6,69.6,70.7,8.8,39.9,78.8,84.0,96.6,0.7,4.97,6.26,7.07,1.23,3.59,2.37,5.04,4.83,False,,142.56,156.7,132.2855,170.15,"{""trend"":{""T1_ema_stack"":{""value"":[false,false,false],""score"":0.0},""T2_ema50_slope"":{""value"":-0.7268649610640671,""score"":0},""T3_high_proximity"":{""value"":0.66,""score"":0},""T4_rs_1m"":{""value"":-0.1893958105770409,""score"":0},""T5_rs_3m"":{""value"":-0.35321067399513184,""score"":0},""T6_adr_healthy"":{""value"":5.853698297302418,""score"":100.0},""_score"":5.0},""geometry"":{""sub_pole_impulse"":10.3,""sub_flag_tightness"":0,""sub_flag_shallowness"":0,""sub_flag_drift"":89.9,""sub_flag_duration"":0.0,""_score"":16.58},""compression"":{""VC1_atr_ratio"":{""value"":0.4182034282442424,""score"":100},""VC2_range_contraction"":{""value"":0.7896503004613983,""score"":35.05828325643362},""VC3_range_pct_rank"":{""score"":69.16666666666667},""_score"":69.56},""sr_quality"":{""SR1_touches"":{""value"":5,""score"":100},""SR2_tightness"":{""value"":1.0615912584417788,""score"":77.58777074237062},""SR3_recency"":{""value"":225,""score"":0.0},""SR4_price_location"":{""score"":56.09881886350001},""SR5_reaction"":{""value"":3.3814697666001914,""score"":100},""_score"":70.66,""_levels_found"":5,""_target_level"":156.423},""volume"":{""V1_rvol_day"":{""value"":0.43295909112825837,""score"":0},""V2_rvol_sameslot"":{""value"":0.2683647893172472,""score"":0,""status"":""ok""},""V3_breakout_bar"":{""value"":0.48172287952859705,""score"":0},""V4_base_dryup"":{""value"":1.0596793271012102,""score"":44.03206728987898},""V5_bo_expansion"":{""value"":0.43295909112825837,""score"":0},""_score"":8.81},""readiness"":{""_distance_atr"":1.493,""BR1_atr_distance"":{""score"":0.49248579029583084},""BR2_compression"":{""score"":88.64275646764163},""BR3_retest"":{""score"":50.0},""BR4_bo_age"":{""score"":50.0},""_score"":39.86},""risk"":{""R1_stop_clarity"":{""score"":57.47003803915508},""R2_stop_distance_pct"":{""value"":7.207140852974178,""score"":100.0},""R3_stop_distance_atr"":{""value"":1.0845720877803453,""score"":79.22860438901726},""R4_rr_potential"":{""value"":2.685288821840479,""score"":84.26444109202396},""_score"":78.85},""market"":{""M1_spy_regime"":{""score"":100.0},""M3_earnings_risk"":{""value"":null,""score"":80.0},""M4_vix"":{""value"":null,""score"":60.0},""_score"":84.0},""liquidity"":{""L1_price"":{""value"":142.56,""score"":100.0},""L2_dollar_vol"":{""value"":510180018.4199347,""score"":100.0},""L3_spread_proxy"":{""value"":0.034231200897867534,""score"":65.76879910213248},""L4_volume_zscore"":{""value"":-0.9638222741571296,""score"":100.0},""_score"":96.58},""pattern_structure"":{""pole_low"":143.25,""pole_low_idx"":14,""peak_price"":156.7,""peak_idx"":31,""pole_gain"":0.09389179755671895,""flag_bars"":28,""flag_low"":134.3,""flag_high"":155.43,""structural_low"":134.3,""current_price"":143.26,""neckline_distance_pct"":0.09381544045790868,""base_bars"":28},""pattern_geometry_features"":{""pole_gain"":0.09389179755671895,""pullback_pct"":0.14294830887045296,""flag_range_pct"":0.13484365028717293,""flag_drift_per_bar"":-0.0020287093079507956,""atr_pct"":0.06645146905563566,""pole_atr_multiple"":1.4129378761831317},""_schema_version"":""1.0""}",,,,,,,,,,
20260429T042402Z-4f6251,2026-04-29T04:24:02.652419+00:00,QBTS,bull_flag,absent,35.96,30.7,10.2,64.0,55.2,15.0,33.1,80.8,84.0,95.6,4.3,3.07,5.76,5.52,2.09,2.98,2.43,5.04,4.78,False,,18.11,21.8,17.3951,23.45,"{""trend"":{""T1_ema_stack"":{""value"":[false,false,false],""score"":0.0},""T2_ema50_slope"":{""value"":-0.12974130379441123,""score"":28.376449367598127},""T3_high_proximity"":{""value"":0.7252703243892671,""score"":0},""T4_rs_1m"":{""value"":0.18049759407096833,""score"":100},""T5_rs_3m"":{""value"":-0.2897975879205211,""score"":0},""T6_adr_healthy"":{""value"":7.939837720385036,""score"":100.0},""_score"":30.68},""geometry"":{""sub_pole_impulse"":0.0,""sub_flag_tightness"":0,""sub_flag_shallowness"":0,""sub_flag_drift"":68.3,""sub_flag_duration"":0.0,""_score"":10.24},""compression"":{""VC1_atr_ratio"":{""value"":0.553871268656717,""score"":100},""VC2_range_contraction"":{""value"":1.1875381362678412,""score"":0},""VC3_range_pct_rank"":{""score"":95.83333333333334},""_score"":63.96},""sr_quality"":{""SR1_touches"":{""value"":4,""score"":75.0},""SR2_tightness"":{""value"":0.13567191124178915,""score"":83.72053347002316},""SR3_recency"":{""value"":263,""score"":0.0},""SR4_price_location"":{""score"":20.682446857017226},""SR5_reaction"":{""value"":2.924506106706664,""score"":100},""_score"":55.23,""_levels_found"":5,""_target_level"":21.5022},""volume"":{""V1_rvol_day"":{""value"":0.4980783825748305,""score"":0},""V2_rvol_sameslot"":{""value"":0.62928111626418,""score"":8.61874108427867,""status"":""ok""},""V3_breakout_bar"":{""value"":0.863027732600043,""score"":24.201848840002864},""V4_base_dryup"":{""value"":1.1408669300690806,""score"":35.913306993091936},""V5_bo_expansion"":{""value"":0.49807838257483045,""score"":0},""_score"":14.96},""readiness"":{""_distance_atr"":2.214,""BR1_atr_distance"":{""score"":0},""BR2_compression"":{""score"":62.241354949732475},""BR3_retest"":{""score"":50.0},""BR4_bo_age"":{""score"":50.0},""_score"":33.06},""risk"":{""R1_stop_clarity"":{""score"":68.21427040925639},""R2_stop_distance_pct"":{""value"":3.9475427940364445,""score"":100.0},""R3_stop_distance_atr"":{""value"":0.4289093636168846,""score"":46.44546818084423},""R4_rr_potential"":{""value"":7.469576164498535,""score"":100.0},""_score"":80.84},""market"":{""M1_spy_regime"":{""score"":100.0},""M3_earnings_risk"":{""value"":null,""score"":80.0},""M4_vix"":{""value"":null,""score"":60.0},""_score"":84.0},""liquidity"":{""L1_price"":{""value"":18.11,""score"":100.0},""L2_dollar_vol"":{""value"":289639781.90905493,""score"":100.0},""L3_spread_proxy"":{""value"":0.04362230811706235,""score"":56.37769188293765},""L4_volume_zscore"":{""value"":-0.6828763933926091,""score"":100.0},""_score"":95.64},""pattern_structure"":{""pole_low"":20.15,""pole_low_idx"":6,""peak_price"":21.8,""peak_idx"":30,""pole_gain"":0.08188585607940457,""flag_bars"":29,""flag_low"":17.66,""flag_high"":21.75,""structural_low"":17.66,""current_price"":18.02,""neckline_distance_pct"":0.20976692563817986,""base_bars"":29},""pattern_geometry_features"":{""pole_gain"":0.08188585607940457,""pullback_pct"":0.18990825688073396,""flag_range_pct"":0.18761467889908257,""flag_drift_per_bar"":-0.006346229968890635,""atr_pct"":0.09203675948568273,""pole_atr_multiple"":0.8897081615758404},""_schema_version"":""1.0""}",,,,,,,,,,
20260429T042402Z-4f6251,2026-04-29T04:24:02.652419+00:00,RCAT,bull_flag,absent,35.38,15.0,13.7,82.8,33.7,21.9,35.4,80.1,84.0,92.7,2.1,4.12,7.46,3.37,3.07,3.18,2.4,5.04,4.64,False,,11.34,14.12,10.9631,15.905,"{""trend"":{""T1_ema_stack"":{""value"":[false,false,true],""score"":33.33333333333333},""T2_ema50_slope"":{""value"":-0.22470007896764269,""score"":12.54998683872622},""T3_high_proximity"":{""value"":0.6670588235294117,""score"":0},""T4_rs_1m"":{""value"":-0.22805833720924396,""score"":0},""T5_rs_3m"":{""value"":-0.29961711650767575,""score"":0},""T6_adr_healthy"":{""value"":8.662923693601007,""score"":83.42690765997483},""_score"":15.01},""geometry"":{""sub_pole_impulse"":15.0,""sub_flag_tightness"":0,""sub_flag_shallowness"":0,""sub_flag_drift"":61.5,""sub_flag_duration"":0.0,""_score"":13.72},""compression"":{""VC1_atr_ratio"":{""value"":0.3443198157909606,""score"":100},""VC2_range_contraction"":{""value"":0.6692139348102636,""score"":55.131010864956075},""VC3_range_pct_rank"":{""score"":94.16666666666667},""_score"":82.84},""sr_quality"":{""SR1_touches"":{""value"":2,""score"":25.0},""SR2_tightness"":{""value"":0.2549999999999999,""score"":50.33008925279483},""SR3_recency"":{""value"":247,""score"":0.0},""SR4_price_location"":{""score"":14.687675858187957},""SR5_reaction"":{""value"":3.7008953105760733,""score"":100},""_score"":33.72,""_levels_found"":7,""_target_level"":13.235},""volume"":{""V1_rvol_day"":{""value"":0.5693874114298447,""score"":4.625827428656315},""V2_rvol_sameslot"":{""value"":0.6963890751961118,""score"":13.09260501307412,""status"":""ok""},""V3_breakout_bar"":{""value"":0.8390864379771892,""score"":22.605762531812612},""V4_base_dryup"":{""value"":0.8627531736208502,""score"":63.724682637914974},""V5_bo_expansion"":{""value"":0.5693874114298447,""score"":0},""_score"":21.94},""readiness"":{""_distance_atr"":2.707,""BR1_atr_distance"":{""score"":0},""BR2_compression"":{""score"":71.44584260336389},""BR3_retest"":{""score"":50.0},""BR4_bo_age"":{""score"":50.0},""_score"":35.36},""risk"":{""R1_stop_clarity"":{""score"":67.4808172578592},""R2_stop_distance_pct"":{""value"":3.3240740740740655,""score"":100.0},""R3_stop_distance_atr"":{""value"":0.36711907561095974,""score"":43.355953780547985},""R4_rr_potential"":{""value"":12.110359464119936,""score"":100.0},""_score"":80.12},""market"":{""M1_spy_regime"":{""score"":100.0},""M3_earnings_risk"":{""value"":null,""score"":80.0},""M4_vix"":{""value"":null,""score"":60.0},""_score"":84.0},""liquidity"":{""L1_price"":{""value"":11.34,""score"":100.0},""L2_dollar_vol"":{""value"":74747193.92952588,""score"":93.67974467671485},""L3_spread_proxy"":{""value"":0.04761904761904755,""score"":52.38095238095245},""L4_volume_zscore"":{""value"":-1.5695784607834085,""score"":100.0},""_score"":92.71},""pattern_structure"":{""pole_low"":12.335,""pole_low_idx"":17,""peak_price"":14.12,""peak_idx"":30,""pole_gain"":0.14471017430077002,""flag_bars"":29,""flag_low"":11.13,""flag_high"":13.67,""structural_low"":11.13,""current_price"":11.25,""neckline_distance_pct"":0.25511111111111107,""base_bars"":29},""pattern_geometry_features"":{""pole_gain"":0.14471017430077002,""pullback_pct"":0.21175637393767696,""flag_range_pct"":0.1798866855524079,""flag_drift_per_bar"":-0.007705099069512859,""atr_pct"":0.0905448475686571,""pole_atr_multiple"":1.5982154499850605},""_schema_version"":""1.0""}",,,,,,,,,,
20260429T042402Z-4f6251,2026-04-29T04:24:02.652419+00:00,HUBS,bull_flag,absent,35.3,5.0,18.9,58.7,45.1,24.3,47.1,57.2,84.0,94.6,0.7,5.68,5.29,4.51,3.4,4.24,1.72,5.04,4.73,False,,225.97,238.71,203.7571,260.54,"{""trend"":{""T1_ema_stack"":{""value"":[false,false,false],""score"":0.0},""T2_ema50_slope"":{""value"":-0.6963097182122404,""score"":0},""T3_high_proximity"":{""value"":0.712591845101069,""score"":0},""T4_rs_1m"":{""value"":-0.14326489080659155,""score"":0},""T5_rs_3m"":{""value"":-0.31638559111660636,""score"":0},""T6_adr_healthy"":{""value"":6.304094366413496,""score"":100.0},""_score"":5.0},""geometry"":{""sub_pole_impulse"":13.1,""sub_flag_tightness"":0,""sub_flag_shallowness"":0,""sub_flag_drift"":100,""sub_flag_duration"":0.0,""_score"":18.93},""compression"":{""VC1_atr_ratio"":{""value"":0.3116302134332543,""score"":100},""VC2_range_contraction"":{""value"":0.8358709648332996,""score"":27.35483919445007},""VC3_range_pct_rank"":{""score"":36.66666666666667},""_score"":58.74},""sr_quality"":{""SR1_touches"":{""value"":2,""score"":25.0},""SR2_tightness"":{""value"":0.6599999999999824,""score"":91.14942528735655},""SR3_recency"":{""value"":254,""score"":0.0},""SR4_price_location"":{""score"":35.56787694509034},""SR5_reaction"":{""value"":2.220186781609195,""score"":100},""_score"":45.06,""_levels_found"":4,""_target_level"":255.99},""volume"":{""V1_rvol_day"":{""value"":0.5815834480309449,""score"":5.4388965353963235},""V2_rvol_sameslot"":{""value"":0.48969070791730723,""score"":0,""status"":""ok""},""V3_breakout_bar"":{""value"":0.8843598586765207,""score"":25.623990578434714},""V4_base_dryup"":{""value"":0.6597752118670295,""score"":84.02247881329706},""V5_bo_expansion"":{""value"":0.581583448030945,""score"":0},""_score"":24.3},""readiness"":{""_distance_atr"":0.854,""BR1_atr_distance"":{""score"":43.05236270753509},""BR2_compression"":{""score"":49.712725883735246},""BR3_retest"":{""score"":50.0},""BR4_bo_age"":{""score"":50.0},""_score"":47.15},""risk"":{""R1_stop_clarity"":{""score"":58.3902298850574},""R2_stop_distance_pct"":{""value"":9.83002168429437,""score"":54.24945789264073},""R3_stop_distance_atr"":{""value"":1.4893706896551715,""score"":99.46853448275857},""R4_rr_potential"":{""value"":1.5563028690535696,""score"":27.81514345267848},""_score"":57.19},""market"":{""M1_spy_regime"":{""score"":100.0},""M3_earnings_risk"":{""value"":null,""score"":80.0},""M4_vix"":{""value"":null,""score"":60.0},""_score"":84.0},""liquidity"":{""L1_price"":{""value"":225.97,""score"":100.0},""L2_dollar_vol"":{""value"":202772513.95828694,""score"":100.0},""L3_spread_proxy"":{""value"":0.0544320042483516,""score"":45.5679957516484},""L4_volume_zscore"":{""value"":-0.8509468761097525,""score"":100.0},""_score"":94.56},""pattern_structure"":{""pole_low"":216.88,""pole_low_idx"":5,""peak_price"":238.71,""peak_idx"":30,""pole_gain"":0.10065473994835859,""flag_bars"":29,""flag_low"":206.86,""flag_high"":238.0,""structural_low"":206.86,""current_price"":227.5,""neckline_distance_pct"":0.04927472527472531,""base_bars"":29},""pattern_geometry_features"":{""pole_gain"":0.10065473994835859,""pullback_pct"":0.13342549537095216,""flag_range_pct"":0.13045117506597959,""flag_drift_per_bar"":0.0012527472527472275,""atr_pct"":0.06600117588301861,""pole_atr_multiple"":1.5250446465796372},""_schema_version"":""1.0""}",,,,,,,,,,
20260429T042402Z-4f6251,2026-04-29T04:24:02.652419+00:00,FRMI,bull_flag,absent,34.76,2.0,23.7,59.6,62.4,4.5,34.6,84.3,84.0,89.1,0.28,7.12,5.36,6.24,0.62,3.12,2.53,5.04,4.45,False,,5.29,6.255,4.9742,7.48,"{""trend"":{""T1_ema_stack"":{""value"":[false,false,false],""score"":0.0},""T2_ema50_slope"":{""value"":-1.779912781464397,""score"":0},""T3_high_proximity"":{""value"":0.448685326547922,""score"":0},""T4_rs_1m"":{""value"":-0.2663930487545769,""score"":0},""T5_rs_3m"":{""value"":-0.47167666321961044,""score"":0},""T6_adr_healthy"":{""value"":10.384203385704778,""score"":40.394915357380555},""_score"":2.02},""geometry"":{""sub_pole_impulse"":23.7,""sub_flag_tightness"":0,""sub_flag_shallowness"":0,""sub_flag_drift"":69.1,""sub_flag_duration"":62.5,""_score"":23.72},""compression"":{""VC1_atr_ratio"":{""value"":0.5995341944180118,""score"":100},""VC2_range_contraction"":{""value"":1.2484705549134514,""score"":0},""VC3_range_pct_rank"":{""score"":78.33333333333333},""_score"":59.58},""sr_quality"":{""SR1_touches"":{""value"":3,""score"":50.0},""SR2_tightness"":{""value"":0.0984321537348894,""score"":70.23649779074617},""SR3_recency"":{""value"":31,""score"":98.33333333333333},""SR4_price_location"":{""score"":28.28025477707007},""SR5_reaction"":{""value"":3.7645788336933053,""score"":100},""_score"":62.36,""_levels_found"":5,""_target_level"":7.1667},""volume"":{""V1_rvol_day"":{""value"":0.6032262066425338,""score"":6.881747109502252},""V2_rvol_sameslot"":{""value"":0.4673637664636265,""score"":0,""status"":""ok""},""V3_breakout_bar"":{""value"":0.6847247058438777,""score"":12.314980389591845},""V4_base_dryup"":{""value"":2.572362295635477,""score"":0},""V5_bo_expansion"":{""value"":0.6032262066425338,""score"":0},""_score"":4.46},""readiness"":{""_distance_atr"":1.459,""BR1_atr_distance"":{""score"":2.7357811375089938},""BR2_compression"":{""score"":64.18726437670696},""BR3_retest"":{""score"":50.0},""BR4_bo_age"":{""score"":50.0},""_score"":34.64},""risk"":{""R1_stop_clarity"":{""score"":77.09503239740815},""R2_stop_distance_pct"":{""value"":5.968809073724016,""score"":100.0},""R3_stop_distance_atr"":{""value"":0.47737580993520595,""score"":48.8687904967603},""R4_rr_potential"":{""value"":6.935866983372911,""score"":100.0},""_score"":84.31},""market"":{""M1_spy_regime"":{""score"":100.0},""M3_earnings_risk"":{""value"":null,""score"":80.0},""M4_vix"":{""value"":null,""score"":60.0},""_score"":84.0},""liquidity"":{""L1_price"":{""value"":5.29,""score"":97.64500000000001},""L2_dollar_vol"":{""value"":63902509.84659322,""score"":90.27589579612018},""L3_spread_proxy"":{""value"":0.06427221172022682,""score"":35.72778827977318},""L4_volume_zscore"":{""value"":-0.5590102180231433,""score"":100.0},""_score"":89.09},""pattern_structure"":{""pole_low"":5.03,""pole_low_idx"":20,""peak_price"":6.255,""peak_idx"":36,""pole_gain"":0.24353876739562616,""flag_bars"":23,""flag_low"":5.05,""flag_high"":6.1578,""structural_low"":5.05,""current_price"":5.235,""neckline_distance_pct"":0.19484240687679075,""base_bars"":23},""pattern_geometry_features"":{""pole_gain"":0.24353876739562616,""pullback_pct"":0.19264588329336532,""flag_range_pct"":0.17710631494804158,""flag_drift_per_bar"":-0.006175577879203136,""atr_pct"":0.12503375641371858,""pole_atr_multiple"":1.9477841375075677},""_schema_version"":""1.0""}",,,,,,,,,,
20260429T042402Z-4f6251,2026-04-29T04:24:02.652419+00:00,FUBO,bull_flag,absent,33.89,24.6,12.3,79.0,44.4,2.3,39.4,77.9,84.0,79.4,3.44,3.69,7.11,4.44,0.32,3.55,2.34,5.04,3.97,False,,11.49,13.33,11.1798,14.4099,"{""trend"":{""T1_ema_stack"":{""value"":[false,false,false],""score"":0.0},""T2_ema50_slope"":{""value"":-1.2217716670530125,""score"":0},""T3_high_proximity"":{""value"":0.41094420600858367,""score"":0},""T4_rs_1m"":{""value"":0.11576644795337998,""score"":100},""T5_rs_3m"":{""value"":-0.6192844913457791,""score"":0},""T6_adr_healthy"":{""value"":8.33046306263282,""score"":91.73842343417951},""_score"":24.59},""geometry"":{""sub_pole_impulse"":3.8,""sub_flag_tightness"":0,""sub_flag_shallowness"":0,""sub_flag_drift"":74.3,""sub_flag_duration"":0.0,""_score"":12.29},""compression"":{""VC1_atr_ratio"":{""value"":0.33190952357495884,""score"":100},""VC2_range_contraction"":{""value"":0.757250721028504,""score"":40.458213161916},""VC3_range_pct_rank"":{""score"":99.16666666666667},""_score"":78.95},""sr_quality"":{""SR1_touches"":{""value"":2,""score"":25.0},""SR2_tightness"":{""value"":0.05999999999999961,""score"":86.37182211983071},""SR3_recency"":{""value"":256,""score"":0.0},""SR4_price_location"":{""score"":35.60685951619972},""SR5_reaction"":{""value"":2.044226682025408,""score"":100},""_score"":44.36,""_levels_found"":4,""_target_level"":13.38},""volume"":{""V1_rvol_day"":{""value"":0.46188479037983615,""score"":0},""V2_rvol_sameslot"":{""value"":0.45831054160115947,""score"":0,""status"":""ok""},""V3_breakout_bar"":{""value"":0.6388493763193396,""score"":9.256625087955971},""V4_base_dryup"":{""value"":1.8455459258953761,""score"":0},""V5_bo_expansion"":{""value"":0.46188479037983615,""score"":0},""_score"":2.31},""readiness"":{""_distance_atr"":2.09,""BR1_atr_distance"":{""score"":0},""BR2_compression"":{""score"":87.5902090231368},""BR3_retest"":{""score"":50.0},""BR4_bo_age"":{""score"":50.0},""_score"":39.4},""risk"":{""R1_stop_clarity"":{""score"":61.330045265019535},""R2_stop_distance_pct"":{""value"":2.7001740644038286,""score"":100.0},""R3_stop_distance_atr"":{""value"":0.3523451822768791,""score"":42.61725911384395},""R4_rr_potential"":{""value"":9.41144238517325,""score"":100.0},""_score"":77.86},""market"":{""M1_spy_regime"":{""score"":100.0},""M3_earnings_risk"":{""value"":null,""score"":80.0},""M4_vix"":{""value"":null,""score"":60.0},""_score"":84.0},""liquidity"":{""L1_price"":{""value"":11.49,""score"":100.0},""L2_dollar_vol"":{""value"":12230019.003737459,""score"":54.37135659348189},""L3_spread_proxy"":{""value"":0.02349869451697124,""score"":76.50130548302876},""L4_volume_zscore"":{""value"":-0.8099060589592251,""score"":100.0},""_score"":79.4},""pattern_structure"":{""pole_low"":12.2501,""pole_low_idx"":7,""peak_price"":13.33,""peak_idx"":30,""pole_gain"":0.08815438241320482,""flag_bars"":29,""flag_low"":11.35,""flag_high"":13.15,""structural_low"":11.35,""current_price"":11.48,""neckline_distance_pct"":0.16114982578397208,""base_bars"":29},""pattern_geometry_features"":{""pole_gain"":0.08815438241320482,""pullback_pct"":0.14853713428357093,""flag_range_pct"":0.13503375843960996,""flag_drift_per_bar"":-0.00513682394740908,""atr_pct"":0.0766343404202412,""pole_atr_multiple"":1.1503248012547762},""_schema_version"":""1.0""}",,,,,,,,,,
20260429T042402Z-4f6251,2026-04-29T04:24:02.652419+00:00,TTAN,bull_flag,absent,33.75,5.0,14.3,52.0,39.1,30.6,45.0,75.8,84.0,90.4,0.7,4.29,4.68,3.91,4.28,4.05,2.27,5.04,4.52,False,,60.68,65.505,57.3762,69.54,"{""trend"":{""T1_ema_stack"":{""value"":[false,false,false],""score"":0.0},""T2_ema50_slope"":{""value"":-0.5769164822287051,""score"":0},""T3_high_proximity"":{""value"":0.6626624440318882,""score"":0},""T4_rs_1m"":{""value"":-0.11757798421454013,""score"":0},""T5_rs_3m"":{""value"":-0.3617142123274496,""score"":0},""T6_adr_healthy"":{""value"":5.476302241704188,""score"":100.0},""_score"":5.0},""geometry"":{""sub_pole_impulse"":1.7,""sub_flag_tightness"":0,""sub_flag_shallowness"":0,""sub_flag_drift"":91.9,""sub_flag_duration"":0.0,""_score"":14.29},""compression"":{""VC1_atr_ratio"":{""value"":0.4208483449300743,""score"":100},""VC2_range_contraction"":{""value"":0.9755250864844176,""score"":4.0791522525970665},""VC3_range_pct_rank"":{""score"":42.50000000000001},""_score"":52.05},""sr_quality"":{""SR1_touches"":{""value"":2,""score"":25.0},""SR2_tightness"":{""value"":0.44249999999999545,""score"":76.29379620700765},""SR3_recency"":{""value"":226,""score"":0.0},""SR4_price_location"":{""score"":20.67976722611119},""SR5_reaction"":{""value"":2.225302689381763,""score"":100},""_score"":39.11,""_levels_found"":5,""_target_level"":68.5175},""volume"":{""V1_rvol_day"":{""value"":0.949907024931604,""score"":29.99380166210693},""V2_rvol_sameslot"":{""value"":0.662237000952257,""score"":10.8158000634838,""status"":""ok""},""V3_breakout_bar"":{""value"":0.7389310378136598,""score"":15.928735854243984},""V4_base_dryup"":{""value"":0.5776382547790448,""score"":92.23617452209551},""V5_bo_expansion"":{""value"":0.949907024931604,""score"":0},""_score"":30.59},""readiness"":{""_distance_atr"":1.292,""BR1_atr_distance"":{""score"":13.836208436015667},""BR2_compression"":{""score"":88.00543797839818},""BR3_retest"":{""score"":50.0},""BR4_bo_age"":{""score"":50.0},""_score"":45.04},""risk"":{""R1_stop_clarity"":{""score"":53.190292510446746},""R2_stop_distance_pct"":{""value"":5.44454515491101,""score"":100.0},""R3_stop_distance_atr"":{""value"":0.8849646415943427,""score"":69.24823207971713},""R4_rr_potential"":{""value"":2.6818009837306063,""score"":84.09004918653031},""_score"":75.82},""market"":{""M1_spy_regime"":{""score"":100.0},""M3_earnings_risk"":{""value"":null,""score"":80.0},""M4_vix"":{""value"":null,""score"":60.0},""_score"":84.0},""liquidity"":{""L1_price"":{""value"":60.68,""score"":100.0},""L2_dollar_vol"":{""value"":59989353.3614432,""score"":88.90370903030282},""L3_spread_proxy"":{""value"":0.05133487145682259,""score"":48.66512854317741},""L4_volume_zscore"":{""value"":-0.17432139773507632,""score"":100.0},""_score"":90.43},""pattern_structure"":{""pole_low"":61.47,""pole_low_idx"":5,""peak_price"":65.505,""peak_idx"":30,""pole_gain"":0.06564177647632986,""flag_bars"":29,""flag_low"":58.25,""flag_high"":64.92,""structural_low"":58.25,""current_price"":60.4,""neckline_distance_pct"":0.08451986754966882,""base_bars"":29},""pattern_geometry_features"":{""pole_gain"":0.06564177647632986,""pullback_pct"":0.11075490420578575,""flag_range_pct"":0.10182428822227314,""flag_drift_per_bar"":-0.001610684109222589,""atr_pct"":0.06152274225444958,""pole_atr_multiple"":1.0669514080637779},""_schema_version"":""1.0""}",,,,,,,,,,
20260429T042402Z-4f6251,2026-04-29T04:24:02.652419+00:00,SAIL,bull_flag,absent,33.59,5.0,17.5,53.5,37.6,29.0,39.9,76.8,84.0,81.5,0.7,5.25,4.81,3.77,4.06,3.59,2.3,5.04,4.07,False,,11.52,12.6,11.229,13.79,"{""trend"":{""T1_ema_stack"":{""value"":[false,false,false],""score"":0.0},""T2_ema50_slope"":{""value"":-0.7747072933065619,""score"":0},""T3_high_proximity"":{""value"":0.6662810873337189,""score"":0},""T4_rs_1m"":{""value"":-0.1436205455719476,""score"":0},""T5_rs_3m"":{""value"":-0.3941285391211987,""score"":0},""T6_adr_healthy"":{""value"":6.514388826781804,""score"":100.0},""_score"":5.0},""geometry"":{""sub_pole_impulse"":11.8,""sub_flag_tightness"":0,""sub_flag_shallowness"":0,""sub_flag_drift"":93.1,""sub_flag_duration"":0.0,""_score"":17.5},""compression"":{""VC1_atr_ratio"":{""value"":0.3028858605436491,""score"":100},""VC2_range_contraction"":{""value"":0.8437706384637538,""score"":26.038226922707707},""VC3_range_pct_rank"":{""score"":17.500000000000004},""_score"":53.49},""sr_quality"":{""SR1_touches"":{""value"":2,""score"":25.0},""SR2_tightness"":{""value"":0.01499999999999968,""score"":96.32545931758538},""SR3_recency"":{""value"":187,""score"":0.0},""SR4_price_location"":{""score"":4.395604395604307},""SR5_reaction"":{""value"":1.9475065616797904,""score"":97.37532808398952},""_score"":37.65,""_levels_found"":7,""_target_level"":12.825},""volume"":{""V1_rvol_day"":{""value"":0.7934479183921732,""score"":19.563194559478212},""V2_rvol_sameslot"":{""value"":0.7879439801518826,""score"":19.19626534345884,""status"":""ok""},""V3_breakout_bar"":{""value"":1.4665773762279932,""score"":64.43849174853288},""V4_base_dryup"":{""value"":1.2443844086590492,""score"":25.561559134095077},""V5_bo_expansion"":{""value"":0.7934479183921732,""score"":0},""_score"":28.97},""readiness"":{""_distance_atr"":1.323,""BR1_atr_distance"":{""score"":11.811023622047216},""BR2_compression"":{""score"":70.51111838875659},""BR3_retest"":{""score"":50.0},""BR4_bo_age"":{""score"":50.0},""_score"":39.85},""risk"":{""R1_stop_clarity"":{""score"":58.110236220472586},""R2_stop_distance_pct"":{""value"":2.5260416666666545,""score"":100.0},""R3_stop_distance_atr"":{""value"":0.3564304461942241,""score"":42.8215223097112},""R4_rr_potential"":{""value"":7.800687285223404,""score"":100.0},""_score"":76.76},""market"":{""M1_spy_regime"":{""score"":100.0},""M3_earnings_risk"":{""value"":null,""score"":80.0},""M4_vix"":{""value"":null,""score"":60.0},""_score"":84.0},""liquidity"":{""L1_price"":{""value"":11.52,""score"":100.0},""L2_dollar_vol"":{""value"":27915550.87366656,""score"":72.2923101227257},""L3_spread_proxy"":{""value"":0.07465277777777773,""score"":25.34722222222227},""L4_volume_zscore"":{""value"":-0.477384985235948,""score"":100.0},""_score"":81.45},""pattern_structure"":{""pole_low"":11.41,""pole_low_idx"":18,""peak_price"":12.6,""peak_idx"":30,""pole_gain"":0.10429447852760731,""flag_bars"":29,""flag_low"":11.4,""flag_high"":12.53,""structural_low"":11.4,""current_price"":11.73,""neckline_distance_pct"":0.07416879795396412,""base_bars"":29},""pattern_geometry_features"":{""pole_gain"":0.10429447852760731,""pullback_pct"":0.09523809523809519,""flag_range_pct"":0.0896825396825396,""flag_drift_per_bar"":-0.0013718014942108762,""atr_pct"":0.0708705357142857,""pole_atr_multiple"":1.4716197285155304},""_schema_version"":""1.0""}",,,,,,,,,,
20260429T042402Z-4f6251,2026-04-29T04:24:02.652419+00:00,PEGA,bull_flag,absent,33.15,5.0,15.2,39.5,51.3,24.3,42.5,80.7,84.0,90.2,0.7,4.56,3.55,5.13,3.4,3.82,2.42,5.04,4.51,False,,35.96,41.85,33.82,44.92,"{""trend"":{""T1_ema_stack"":{""value"":[false,false,false],""score"":0.0},""T2_ema50_slope"":{""value"":-0.37802574520295856,""score"":0},""T3_high_proximity"":{""value"":0.7286727456940223,""score"":0},""T4_rs_1m"":{""value"":-0.23029377283550634,""score"":0},""T5_rs_3m"":{""value"":-0.3012045767506899,""score"":0},""T6_adr_healthy"":{""value"":5.361817213923551,""score"":100.0},""_score"":5.0},""geometry"":{""sub_pole_impulse"":3.8,""sub_flag_tightness"":0,""sub_flag_shallowness"":0,""sub_flag_drift"":93.8,""sub_flag_duration"":0.0,""_score"":15.21},""compression"":{""VC1_atr_ratio"":{""value"":0.6529211014643889,""score"":86.76972463390278},""VC2_range_contraction"":{""value"":1.3017371699195046,""score"":0},""VC3_range_pct_rank"":{""score"":19.166666666666664},""_score"":39.5},""sr_quality"":{""SR1_touches"":{""value"":2,""score"":25.0},""SR2_tightness"":{""value"":0.4200000000000017,""score"":66.04580928485416},""SR3_recency"":{""value"":233,""score"":0.0},""SR4_price_location"":{""score"":75.74700663203879},""SR5_reaction"":{""value"":2.477847489093371,""score"":100},""_score"":51.34,""_levels_found"":7,""_target_level"":37.96},""volume"":{""V1_rvol_day"":{""value"":0.7089067669016437,""score"":13.92711779344291},""V2_rvol_sameslot"":{""value"":0.5671548018455442,""score"":4.476986789702949,""status"":""ok""},""V3_breakout_bar"":{""value"":0.8876745688946718,""score"":25.844971259644783},""V4_base_dryup"":{""value"":0.79246945203421,""score"":70.753054796579},""V5_bo_expansion"":{""value"":0.7089067669016437,""score"":0},""_score"":24.29},""readiness"":{""_distance_atr"":2.381,""BR1_atr_distance"":{""score"":0},""BR2_compression"":{""score"":100},""BR3_retest"":{""score"":50.0},""BR4_bo_age"":{""score"":50.0},""_score"":42.5},""risk"":{""R1_stop_clarity"":{""score"":58.36367363555246},""R2_stop_distance_pct"":{""value"":5.951126251390438,""score"":100.0},""R3_stop_distance_atr"":{""value"":0.8650335355378541,""score"":68.2516767768927},""R4_rr_potential"":{""value"":4.186866975853084,""score"":100.0},""_score"":80.67},""market"":{""M1_spy_regime"":{""score"":100.0},""M3_earnings_risk"":{""value"":null,""score"":80.0},""M4_vix"":{""value"":null,""score"":60.0},""_score"":84.0},""liquidity"":{""L1_price"":{""value"":35.96,""score"":100.0},""L2_dollar_vol"":{""value"":65449781.99905696,""score"":90.7954102167877},""L3_spread_proxy"":{""value"":0.06145717463848723,""score"":38.54282536151277},""L4_volume_zscore"":{""value"":-0.5848180432823953,""score"":100.0},""_score"":90.17},""pattern_structure"":{""pole_low"":38.78,""pole_low_idx"":29,""peak_price"":41.85,""peak_idx"":30,""pole_gain"":0.07916451779267664,""flag_bars"":29,""flag_low"":34.335,""flag_high"":39.8,""structural_low"":34.335,""current_price"":36.43,""neckline_distance_pct"":0.1487784792753226,""base_bars"":29},""pattern_geometry_features"":{""pole_gain"":0.07916451779267664,""pullback_pct"":0.17956989247311828,""flag_range_pct"":0.13058542413381113,""flag_drift_per_bar"":-0.0012498225221728955,""atr_pct"":0.06879648021611313,""pole_atr_multiple"":1.1507059306521783},""_schema_version"":""1.0""}",,,,,,,,,,
20260429T042402Z-4f6251,2026-04-29T04:24:02.652419+00:00,NOW,bull_flag,absent,32.57,5.0,17.1,49.5,52.9,12.5,34.2,76.5,84.0,96.8,0.7,5.13,4.45,5.29,1.75,3.08,2.3,5.04,4.84,False,,90.49,104.31,82.3263,114.57,"{""trend"":{""T1_ema_stack"":{""value"":[false,false,false],""score"":0.0},""T2_ema50_slope"":{""value"":-0.7140523571233514,""score"":0},""T3_high_proximity"":{""value"":0.6981175744483875,""score"":0},""T4_rs_1m"":{""value"":-0.2121095072512933,""score"":0},""T5_rs_3m"":{""value"":-0.336722368707592,""score"":0},""T6_adr_healthy"":{""value"":5.333189716902683,""score"":100.0},""_score"":5.0},""geometry"":{""sub_pole_impulse"":12.7,""sub_flag_tightness"":0,""sub_flag_shallowness"":0,""sub_flag_drift"":88.5,""sub_flag_duration"":0.0,""_score"":17.09},""compression"":{""VC1_atr_ratio"":{""value"":0.6633217336760814,""score"":84.16956658097965},""VC2_range_contraction"":{""value"":0.9723579215909575,""score"":4.607013068173757},""VC3_range_pct_rank"":{""score"":56.666666666666664},""_score"":49.45},""sr_quality"":{""SR1_touches"":{""value"":3,""score"":50.0},""SR2_tightness"":{""value"":0.49593906435726376,""score"":84.84753600134064},""SR3_recency"":{""value"":242,""score"":0.0},""SR4_price_location"":{""score"":50.196728101056124},""SR5_reaction"":{""value"":1.6796553613010363,""score"":83.98276806505181},""_score"":52.87,""_levels_found"":6,""_target_level"":98.5067},""volume"":{""V1_rvol_day"":{""value"":0.7401840706185729,""score"":16.01227137457153},""V2_rvol_sameslot"":{""value"":0.5871823823120139,""score"":5.812158820800928,""status"":""ok""},""V3_breakout_bar"":{""value"":0.5323101290495356,""score"":2.154008603302371},""V4_base_dryup"":{""value"":1.1211591862509482,""score"":37.88408137490518},""V5_bo_expansion"":{""value"":0.7401840706185732,""score"":0},""_score"":12.48},""readiness"":{""_distance_atr"":2.111,""BR1_atr_distance"":{""score"":0},""BR2_compression"":{""score"":67.01916941105075},""BR3_retest"":{""score"":50.0},""BR4_bo_age"":{""score"":50.0},""_score"":34.25},""risk"":{""R1_stop_clarity"":{""score"":61.695608431776236},""R2_stop_distance_pct"":{""value"":9.02165985191733,""score"":74.45850370206676},""R3_stop_distance_atr"":{""value"":1.2471307387952035,""score"":87.35653693976018},""R4_rr_potential"":{""value"":2.9496429315139014,""score"":97.48214657569507},""_score"":76.53},""market"":{""M1_spy_regime"":{""score"":100.0},""M3_earnings_risk"":{""value"":null,""score"":80.0},""M4_vix"":{""value"":null,""score"":60.0},""_score"":84.0},""liquidity"":{""L1_price"":{""value"":90.49,""score"":100.0},""L2_dollar_vol"":{""value"":1899389003.4228804,""score"":100.0},""L3_spread_proxy"":{""value"":0.031677533429108215,""score"":68.32246657089178},""L4_volume_zscore"":{""value"":-0.41605985003475765,""score"":100.0},""_score"":96.83},""pattern_structure"":{""pole_low"":94.05,""pole_low_idx"":5,""peak_price"":104.31,""peak_idx"":30,""pole_gain"":0.10909090909090915,""flag_bars"":29,""flag_low"":83.58,""flag_high"":104.31,""structural_low"":83.58,""current_price"":90.86,""neckline_distance_pct"":0.14802993616552942,""base_bars"":29},""pattern_geometry_features"":{""pole_gain"":0.10909090909090915,""pullback_pct"":0.19873454127121085,""flag_range_pct"":0.19873454127121085,""flag_drift_per_bar"":-0.0023060617265343243,""atr_pct"":0.07233932715532894,""pole_atr_multiple"":1.5080442876758617},""_schema_version"":""1.0""}",,,,,,,,,,
